W/ br prodding :
[[0   , 0.68261629, 0.31738371, 0.        ], [100 , 0.63382128, 0.18466057, 0.18151815], [200 , 0.76932738, 0.12121988, 0.10945274], [300 , 0.62224874, 0.30466156, 0.0730897 ], [400 , 0.467414  , 0.47772315, 0.05486284], [500 , 0.39827256, 0.53442497, 0.06730247], [600 , 0.40007956, 0.50480633, 0.09511411], [700 , 0.44605964, 0.44553088, 0.10840948], [800 , 0.50981467, 0.38990905, 0.10027628], [900 , 0.56421925, 0.3466339 , 0.08914684], [1000, 0.60775379, 0.31200514, 0.08024106], [1100, 0.63186488, 0.2836668 , 0.08446832], [1200, 0.63012665, 0.26004758, 0.10982577], [1300, 0.62483967, 0.2400593 , 0.13510103], [1400, 0.63037224, 0.22292445, 0.14670331], [1500, 0.65174734, 0.20807272, 0.14017994], [1600, 0.67349954, 0.19507629, 0.13142417], [1700, 0.6926804 , 0.18362173, 0.12369788], [1800, 0.70964845, 0.17352196, 0.11682959], [1900, 0.72474336, 0.16457274, 0.1106839 ], [2000, 0.73666128, 0.15659333, 0.1067454 ], [2100, 0.7339976 , 0.14938205, 0.11662035], [2200, 0.72400629, 0.14286435, 0.13312936], [2300, 0.7154268 , 0.13696624, 0.14760696], [2400, 0.71470156, 0.13163793, 0.1536605 ], [2500, 0.72383305, 0.1268867 , 0.14928025], [2600, 0.7338748 , 0.12258429, 0.14354091], [2700, 0.74311124, 0.11866222, 0.13822654], [2800, 0.75162696, 0.1150814 , 0.13329164], [2900, 0.75949725, 0.11180579, 0.12869697], [3000, 0.76678384, 0.10880766, 0.1244085 ], [3100, 0.77354113, 0.10606226, 0.12039661], [3200, 0.77886074, 0.10352233, 0.11761692], [3300, 0.77521459, 0.10101143, 0.12377398], [3400, 0.76584979, 0.09864786, 0.13550236], [3500, 0.75591705, 0.09646334, 0.14761961], [3600, 0.74993402, 0.09443976, 0.15562621], [3700, 0.75007081, 0.09265478, 0.15727441], [3800, 0.75558497, 0.09117118, 0.15324385], [3900, 0.76020943, 0.09047504, 0.14931553], [4000, 0.7600558 , 0.09436062, 0.14558358], [4100, 0.74989842, 0.10806796, 0.14203362], [4200, 0.73665528, 0.12469204, 0.13865268], [4300, 0.72537078, 0.13920027, 0.13542894], [4400, 0.71439189, 0.15325639, 0.13235171], [4500, 0.70140203, 0.16918675, 0.12941122], [4600, 0.68705733, 0.18634413, 0.12659854], [4700, 0.67259854, 0.20349593, 0.12390553], [4800, 0.65871481, 0.21996049, 0.1213247 ], [4900, 0.64539197, 0.23575884, 0.11884919], [5000, 0.63259667, 0.25093065, 0.11647268], [5100, 0.62029793, 0.26551271, 0.11418935], [5200, 0.60846712, 0.27953905, 0.11199383], [5300, 0.59707825, 0.29304062, 0.10988113], [5400, 0.58610674, 0.30604658, 0.10784668], [5500, 0.57552933, 0.31858448, 0.10588618], [5600, 0.56532482, 0.33067948, 0.1039957 ], [5700, 0.55547403, 0.34235444, 0.10217153], [5800, 0.54595748, 0.35363226, 0.10041026], [5900, 0.53676013, 0.36453119, 0.09870868], [6000, 0.52786682, 0.37506937, 0.0970638 ], [6100, 0.51925829, 0.38526886, 0.09547286], [6200, 0.51092739, 0.39513939, 0.09393322], [6300, 0.50285643, 0.40470112, 0.09244245], [6400, 0.49503287, 0.41396887, 0.09099826], [6500, 0.48744172, 0.42295977, 0.08959851], [6600, 0.4800766 , 0.43168224, 0.08824116], [6700, 0.47292737, 0.44014831, 0.08692432], [6800, 0.46598451, 0.44836927, 0.08564621], [6900, 0.45923905, 0.45635581, 0.08440514], [7000, 0.45268252, 0.46411795, 0.08319953], [7100, 0.4463078 , 0.47166434, 0.08202787], [7200, 0.44010994, 0.47900131, 0.08088875], [7300, 0.43408213, 0.48613703, 0.07978084], [7400, 0.42822223, 0.49307491, 0.07870286], [7500, 0.42251405, 0.49983232, 0.07765363], [7600, 0.41695549, 0.5064125 , 0.07663201], [7700, 0.41154118, 0.5128219 , 0.07563692], [7800, 0.40626569, 0.51906697, 0.07466734], [7900, 0.40112374, 0.52515396, 0.0737223 ], [8000, 0.39611032, 0.53108879, 0.07280089], [8100, 0.39122067, 0.53687711, 0.07190222], [8200, 0.38645027, 0.54252426, 0.07102547], [8300, 0.38184493, 0.54798523, 0.07016985], [8400, 0.37839192, 0.55227349, 0.06933459], [8500, 0.37622427, 0.55525675, 0.06851899], [8600, 0.37501989, 0.55725776, 0.06772235], [8700, 0.37459607, 0.55845991, 0.06694402], [8800, 0.3748493 , 0.55896732, 0.06618338], [8900, 0.37572021, 0.55883997, 0.06543983], [9000, 0.37716648, 0.55812072, 0.0647128 ], [9100, 0.37917087, 0.55682738, 0.06400175], [9200, 0.3817352 , 0.55495865, 0.06330615], [9300, 0.38488857, 0.55248592, 0.06262551], [9400, 0.38870535, 0.5493353 , 0.06195935], [9500, 0.39329495, 0.54539783, 0.06130722], [9600, 0.39887506, 0.54045627, 0.06066867], [9700, 0.40506572, 0.534891  , 0.06004328], [9800, 0.41113586, 0.52943348, 0.05943066], [9900, 0.41708338, 0.52408621, 0.05883041]]




WO BR Prodding


[[0   , 0.31639212, 0.34098148, 0.34262639], [100 , 0.52159812, 0.23841884, 0.23998303], [200 , 0.69990751, 0.14965325, 0.15043924], [300 , 0.75906615, 0.14047442, 0.10045942], [400 , 0.61581216, 0.30878064, 0.0754072 ], [500 , 0.49289557, 0.44674857, 0.06035586], [600 , 0.41470361, 0.5349831 , 0.05031329], [700 , 0.41810102, 0.53876305, 0.04313593], [800 , 0.46661711, 0.49563222, 0.03775067], [900 , 0.5258161 , 0.44062309, 0.03356081], [1000, 0.57318712, 0.3966048 , 0.03020808], [1100, 0.61195305, 0.36058257, 0.02746438], [1200, 0.64426337, 0.33055904, 0.02517759], [1300, 0.65788937, 0.30515097, 0.03695966], [1400, 0.65185372, 0.28337003, 0.06477625], [1500, 0.6379133 , 0.26449128, 0.09759542], [1600, 0.62473514, 0.2479709 , 0.12729396], [1700, 0.6188944 , 0.23556029, 0.14554532], [1800, 0.6189269 , 0.23045808, 0.15061502], [1900, 0.62472127, 0.23112713, 0.1441516 ], [2000, 0.62603615, 0.23701622, 0.13694762], [2100, 0.62421518, 0.24535541, 0.13042941], [2200, 0.62063129, 0.25486522, 0.12450349], [2300, 0.61556903, 0.26533832, 0.11909265], [2400, 0.60924788, 0.2766196 , 0.11413252], [2500, 0.60180456, 0.28862639, 0.10956905], [2600, 0.59326833, 0.3013752 , 0.10535647], [2700, 0.58357341, 0.31497077, 0.10145583], [2800, 0.57288102, 0.32928528, 0.0978337 ], [2900, 0.56102453, 0.34451419, 0.09446129], [3000, 0.54777646, 0.36090991, 0.09131363], [3100, 0.53284798, 0.37878305, 0.08836897], [3200, 0.51661979, 0.39777191, 0.08560831], [3300, 0.50096938, 0.41601571, 0.0830149 ], [3400, 0.48623932, 0.43318667, 0.080574  ], [3500, 0.47235074, 0.44937671, 0.07827255], [3600, 0.46282168, 0.46107941, 0.07609891], [3700, 0.46232393, 0.46363332, 0.07404274], [3800, 0.47120507, 0.45670017, 0.07209476], [3900, 0.48476044, 0.44499291, 0.07024665], [4000, 0.49763821, 0.43387087, 0.06849092], [4100, 0.50988795, 0.42329123, 0.06682082], [4200, 0.5215545 , 0.41321527, 0.06523023], [4300, 0.53267856, 0.40360784, 0.0637136 ], [4400, 0.54329708, 0.39443702, 0.06226589], [4500, 0.55344378, 0.3856737 , 0.06088251], [4600, 0.56296673, 0.377474  , 0.05955927], [4700, 0.56983087, 0.37187681, 0.05829232], [4800, 0.57395582, 0.36896603, 0.05707815], [4900, 0.57583664, 0.36824983, 0.05591353], [5000, 0.5759653 , 0.36923923, 0.05479548], [5100, 0.57457158, 0.37170715, 0.05372127], [5200, 0.57176022, 0.37555141, 0.05268837], [5300, 0.56754153, 0.38076404, 0.05169443], [5400, 0.56172806, 0.38753464, 0.05073731], [5500, 0.5539513 , 0.39623372, 0.04981498], [5600, 0.54425926, 0.40681516, 0.04892558], [5700, 0.53471253, 0.41722008, 0.04806739], [5800, 0.52549493, 0.42726628, 0.04723878], [5900, 0.51658975, 0.43697199, 0.04643826], [6000, 0.50798136, 0.44635422, 0.04566442], [6100, 0.49965516, 0.4554289 , 0.04491595], [6200, 0.4915975 , 0.46421088, 0.04419161], [6300, 0.48379561, 0.47271412, 0.04349027], [6400, 0.47623748, 0.48095168, 0.04281084], [6500, 0.46891188, 0.48893581, 0.04215231], [6600, 0.46180823, 0.49667803, 0.04151374], [6700, 0.4549166 , 0.50418918, 0.04089422], [6800, 0.44822763, 0.51147944, 0.04029293], [6900, 0.44173252, 0.51855843, 0.03970906], [7000, 0.43542296, 0.52391929, 0.04065776], [7100, 0.4292911 , 0.52671178, 0.04399712], [7200, 0.42332955, 0.52780511, 0.04886534], [7300, 0.41753131, 0.52830468, 0.05416401], [7400, 0.41188976, 0.52896211, 0.05914813], [7500, 0.40639863, 0.53059599, 0.06300539], [7600, 0.40105198, 0.534614  , 0.06433402], [7700, 0.39584419, 0.54064877, 0.06350704], [7800, 0.39076992, 0.54653713, 0.06269295], [7900, 0.38582409, 0.55227644, 0.06189947], [8000, 0.38100189, 0.55787229, 0.06112583], [8100, 0.37629874, 0.56332998, 0.06037128], [8200, 0.37171029, 0.56865457, 0.05963513], [8300, 0.3672324 , 0.57385088, 0.05891672], [8400, 0.3628611 , 0.57892348, 0.05821542], [8500, 0.35859265, 0.58387674, 0.05753061], [8600, 0.35442345, 0.58871482, 0.05686173], [8700, 0.35035009, 0.59344169, 0.05620822], [8800, 0.34636929, 0.59806115, 0.05556956], [8900, 0.34393048, 0.60112427, 0.05494526], [9000, 0.34452872, 0.60113646, 0.05433482], [9100, 0.34642978, 0.59983242, 0.0537378 ], [9200, 0.35090137, 0.59594487, 0.05315376], [9300, 0.35788018, 0.58953755, 0.05258227], [9400, 0.36471051, 0.58326654, 0.05202295], [9500, 0.37139707, 0.57712754, 0.0514754 ], [9600, 0.37794433, 0.57111642, 0.05093925], [9700, 0.38435662, 0.56522923, 0.05041416], [9800, 0.39063805, 0.55946217, 0.04989978], [9900, 0.3967926 , 0.55381161, 0.04939579]]





this is for an unchanging value



W/O BR Prodding 


[[0, 0.33333333, 0.33333333, 0.33333333], [100, 0.25710054, 0.56138131, 0.18151815], [200, 0.56337436, 0.33712315, 0.09950249], [300, 0.70843271, 0.22512211, 0.06644518], [400, 0.75637103, 0.16924536, 0.07438361], [500, 0.70578901, 0.15159279, 0.1426182 ], [600, 0.63852061, 0.1615788 , 0.19990059], [700, 0.54935665, 0.19278656, 0.25785679], [800, 0.4807728 , 0.24513989, 0.27408731], [900, 0.42741289, 0.32281735, 0.24976976], [1000, 0.3847143 , 0.39046796, 0.22481774], [1100, 0.34977204, 0.44582964, 0.20439833], [1200, 0.32064864, 0.49197205, 0.18737931], [1300, 0.29600232, 0.53102108, 0.1729766 ], [1400, 0.27487439, 0.56449567, 0.16062995], [1500, 0.25656163, 0.59350995, 0.14992842], [1600, 0.24053655, 0.61889971, 0.14056375], [1700, 0.22639566, 0.64130419, 0.13230015], [1800, 0.2138251 , 0.66122067, 0.12495422], [1900, 0.20257707, 0.67904178, 0.11838115], [2000, 0.19245328, 0.69508167, 0.11246505], [2100, 0.1832932 , 0.70959468, 0.10711212], [2200, 0.17496548, 0.72278893, 0.1022456 ], [2300, 0.16736159, 0.73483634, 0.09780207], [2400, 0.16039109, 0.74588023, 0.09372868], [2500, 0.15397801, 0.75604096, 0.08998103], [2600, 0.14805806, 0.76542039, 0.08652155], [2700, 0.14257646, 0.77410531, 0.08331824], [2800, 0.13882655, 0.7808298 , 0.08034365], [2900, 0.1502908 , 0.77213506, 0.07757413], [3000, 0.17550272, 0.74950809, 0.07498919], [3100, 0.20209083, 0.72533821, 0.07257096], [3200, 0.2270177 , 0.70267847, 0.07030383], [3300, 0.25043431, 0.68139163, 0.06817406], [3400, 0.27247388, 0.6613566 , 0.06616953], [3500, 0.2932544 , 0.64246609, 0.06427951], [3600, 0.31288077, 0.62462477, 0.06249446], [3700, 0.33144654, 0.60774758, 0.06080588], [3800, 0.34903543, 0.59175843, 0.05920615], [3900, 0.36572255, 0.57658902, 0.05768843], [4000, 0.38157552, 0.5621779 , 0.05624658], [4100, 0.39665537, 0.54846959, 0.05487504], [4200, 0.4110173 , 0.5354139 , 0.05356881], [4300, 0.42471138, 0.52296531, 0.05232331], [4400, 0.43778315, 0.51108243, 0.05113441], [4500, 0.45027409, 0.49972757, 0.04999835], [4600, 0.46222205, 0.48886629, 0.04891166], [4700, 0.4736617 , 0.47846709, 0.04787121], [4800, 0.4846248, 0.4685011, 0.0468741], [4900, 0.49514051, 0.4589418 , 0.04591768], [5000, 0.50523568, 0.4497648 , 0.04499951], [5100, 0.51493504, 0.44094762, 0.04411734], [5200, 0.52426142, 0.43246948, 0.04326909], [5300, 0.53323593, 0.42431122, 0.04245285], [5400, 0.54187811, 0.41645506, 0.04166683], [5500, 0.55020608, 0.40888453, 0.04090939], [5600, 0.55823668, 0.40158432, 0.040179  ], [5700, 0.56598556, 0.39454022, 0.03947423], [5800, 0.57346727, 0.38773897, 0.03879375], [5900, 0.58069542, 0.38116824, 0.03813634], [6000, 0.58768266, 0.37481649, 0.03750084], [6100, 0.59444086, 0.36867297, 0.03688618], [6200, 0.60098108, 0.36272759, 0.03629133], [6300, 0.60731371, 0.35697092, 0.03571537], [6400, 0.61344847, 0.35139412, 0.03515741], [6500, 0.61891341, 0.34646998, 0.03461661], [6600, 0.6212808 , 0.34462701, 0.03409219], [6700, 0.62127759, 0.34513898, 0.03358343], [6800, 0.61941883, 0.34749154, 0.03308963], [6900, 0.61575813, 0.35163173, 0.03261014], [7000, 0.60990605, 0.3579496 , 0.03214434], [7100, 0.60159079, 0.36671754, 0.03169167], [7200, 0.59323652, 0.37551191, 0.03125157], [7300, 0.5851111 , 0.38406537, 0.03082353], [7400, 0.57720526, 0.39238769, 0.03040705], [7500, 0.56951022, 0.40048811, 0.03000167], [7600, 0.56201765, 0.40837538, 0.02960697], [7700, 0.55471967, 0.41605782, 0.02922251], [7800, 0.54760879, 0.4235433 , 0.02884791], [7900, 0.54067791, 0.4308393 , 0.02848279], [8000, 0.53392028, 0.43795292, 0.0281268 ], [8100, 0.52732949, 0.44489091, 0.0277796 ], [8200, 0.52089942, 0.45165971, 0.02744087], [8300, 0.51462428, 0.45826542, 0.02711029], [8400, 0.50849853, 0.46471388, 0.02678759], [8500, 0.5025169 , 0.47101062, 0.02647248], [8600, 0.49667436, 0.47716094, 0.0261647 ], [8700, 0.49096611, 0.4831699 , 0.02586399], [8800, 0.48538759, 0.4890423 , 0.02557011], [8900, 0.47993441, 0.49478275, 0.02528284], [9000, 0.4746024 , 0.50039565, 0.02500195], [9100, 0.46938756, 0.50588521, 0.02472723], [9200, 0.46428607, 0.51125544, 0.02445849], [9300, 0.45929429, 0.51651019, 0.02419552], [9400, 0.4544087 , 0.52165315, 0.02393815], [9500, 0.44962595, 0.52668785, 0.0236862 ], [9600, 0.44494284, 0.53161767, 0.02343949], [9700, 0.44035627, 0.53644586, 0.02319787], [9800, 0.4358633 , 0.54117552, 0.02296118], [9900, 0.43146108, 0.54580964, 0.02272928]]





[[0, 0.33333333, 0.33333333, 0.33333333], [100, 0.3322893 , 0.26574895, 0.40196175], [200, 0.51130362, 0.2867156 , 0.20198078], [300, 0.34749607, 0.51651898, 0.13598495], [400, 0.33310106, 0.56482545, 0.10207349], [500, 0.43929805, 0.47900241, 0.08169954], [600, 0.53259288, 0.39930151, 0.06810561], [700, 0.59927007, 0.34233981, 0.05839011], [800, 0.64929878, 0.29960076, 0.05110046], [900, 0.68822233, 0.26634873, 0.04542893], [1000, 0.69458671, 0.24262911, 0.06278418], [1100, 0.67040586, 0.22918518, 0.10040896], [1200, 0.62950085, 0.22313383, 0.14736532], [1300, 0.59131444, 0.23046425, 0.1782213 ], [1400, 0.56331226, 0.2497701 , 0.18691764], [1500, 0.53948361, 0.28439084, 0.17612556], [1600, 0.51043456, 0.32444086, 0.16512458], [1700, 0.4804302 , 0.36415271, 0.15541708], [1800, 0.45375446, 0.39945795, 0.1467876 ], [1900, 0.4298852, 0.4310488, 0.139066 ], [2000, 0.41049886, 0.45738496, 0.13211617], [2100, 0.41138151, 0.46279057, 0.12582792], [2200, 0.43105667, 0.44883226, 0.12011107], [2300, 0.45578258, 0.4293263 , 0.11489112], [2400, 0.47844887, 0.41144515, 0.11010598], [2500, 0.49930257, 0.39499393, 0.1057035 ], [2600, 0.51855276, 0.37980769, 0.10163955], [2700, 0.53637754, 0.36574595, 0.09787651], [2800, 0.55292957, 0.35268826, 0.09438217], [2900, 0.56834048, 0.34053079, 0.09112873], [3000, 0.58174774, 0.33016014, 0.08809212], [3100, 0.5880023 , 0.32674634, 0.08525136], [3200, 0.58879366, 0.32861825, 0.08258808], [3300, 0.58540723, 0.33450659, 0.08008617], [3400, 0.57807149, 0.34419712, 0.07773139], [3500, 0.56569902, 0.35878985, 0.07551113], [3600, 0.55000624, 0.37657958, 0.07341418], [3700, 0.53514523, 0.39342422, 0.07143055], [3800, 0.52106616, 0.4074785 , 0.07145534], [3900, 0.50770892, 0.41650168, 0.07578941], [4000, 0.49501937, 0.42225473, 0.0827259 ], [4100, 0.48294867, 0.42598919, 0.09106214], [4200, 0.47145263, 0.42816749, 0.10037988], [4300, 0.46049116, 0.42902492, 0.11048391], [4400, 0.45002783, 0.42851141, 0.12146076], [4500, 0.44058115, 0.42649712, 0.13292173], [4600, 0.43603203, 0.42186911, 0.14209887], [4700, 0.43566486, 0.41539614, 0.148939  ], [4800, 0.43902912, 0.40803502, 0.15293586], [4900, 0.44636345, 0.40103987, 0.15259668], [5000, 0.45419692, 0.39625772, 0.14954536], [5100, 0.4599788 , 0.39340753, 0.14661367], [5200, 0.46407278, 0.39213251, 0.14379472], [5300, 0.46678159, 0.39213629, 0.14108212], [5400, 0.46831504, 0.39321499, 0.13846997], [5500, 0.46873001, 0.3953172 , 0.13595279], [5600, 0.4680778, 0.3983967, 0.1335255], [5700, 0.46636969, 0.40244695, 0.13118336], [5800, 0.46371513, 0.4073629 , 0.12892197], [5900, 0.46091814, 0.41234464, 0.12673722], [6000, 0.45912721, 0.41624751, 0.12462528], [6100, 0.45905037, 0.41836705, 0.12258258], [6200, 0.4608376 , 0.41855664, 0.12060576], [6300, 0.46467995, 0.41662836, 0.11869169], [6400, 0.47096685, 0.41219573, 0.11683742], [6500, 0.47890233, 0.40605747, 0.1150402 ], [6600, 0.48638135, 0.40032123, 0.11329743], [6700, 0.49209638, 0.39629694, 0.11160667], [6800, 0.49613164, 0.39390272, 0.10996564], [6900, 0.49880254, 0.39282529, 0.10837217], [7000, 0.50034262, 0.39283316, 0.10682421], [7100, 0.50092274, 0.3937574 , 0.10531986], [7200, 0.50057395, 0.39556876, 0.10385729], [7300, 0.49916776, 0.39839746, 0.10243478], [7400, 0.49667071, 0.40227858, 0.10105071], [7500, 0.49290136, 0.40739509, 0.09970355], [7600, 0.48762395, 0.41398422, 0.09839183], [7700, 0.48229322, 0.4205926 , 0.09711418], [7800, 0.4786285 , 0.42550221, 0.09586929], [7900, 0.47752638, 0.42781771, 0.09465591], [8000, 0.47906353, 0.42746362, 0.09347286], [8100, 0.48366283, 0.42401815, 0.09231901], [8200, 0.48993733, 0.41886936, 0.09119331], [8300, 0.49608193, 0.41382335, 0.09009473], [8400, 0.50180316, 0.40917454, 0.0890223 ], [8500, 0.50552154, 0.40650336, 0.0879751 ], [8600, 0.50757966, 0.40546808, 0.08695225], [8700, 0.50836251, 0.40568458, 0.08595292], [8800, 0.50795565, 0.40706806, 0.08497629], [8900, 0.50636988, 0.40960851, 0.08402161], [9000, 0.50341901, 0.41349285, 0.08308814], [9100, 0.49861431, 0.41921051, 0.08217518], [9200, 0.49319518, 0.42552275, 0.08128207], [9300, 0.48789258, 0.43169926, 0.08040816], [9400, 0.48321799, 0.43722916, 0.07955285], [9500, 0.48118317, 0.44010129, 0.07871554], [9600, 0.48156843, 0.4405359 , 0.07789567], [9700, 0.48440257, 0.43850472, 0.0770927 ], [9800, 0.48948195, 0.43421192, 0.07630612], [9900, 0.49463818, 0.42982639, 0.07553543]]
[[0, 0.33333333, 0.33333333, 0.33333333], [100, 0.3322893 , 0.26574895, 0.40196175], [200, 0.51130362, 0.2867156 , 0.20198078], [300, 0.34749607, 0.51651898, 0.13598495], [400, 0.33310106, 0.56482545, 0.10207349], [500, 0.43929805, 0.47900241, 0.08169954], [600, 0.53259288, 0.39930151, 0.06810561], [700, 0.59927007, 0.34233981, 0.05839011], [800, 0.64929878, 0.29960076, 0.05110046], [900, 0.68822233, 0.26634873, 0.04542893], [1000, 0.69458671, 0.24262911, 0.06278418], [1100, 0.67040586, 0.22918518, 0.10040896], [1200, 0.62950085, 0.22313383, 0.14736532], [1300, 0.59131444, 0.23046425, 0.1782213 ], [1400, 0.56331226, 0.2497701 , 0.18691764], [1500, 0.53948361, 0.28439084, 0.17612556], [1600, 0.51043456, 0.32444086, 0.16512458], [1700, 0.4804302 , 0.36415271, 0.15541708], [1800, 0.45375446, 0.39945795, 0.1467876 ], [1900, 0.4298852, 0.4310488, 0.139066 ], [2000, 0.41049886, 0.45738496, 0.13211617], [2100, 0.41138151, 0.46279057, 0.12582792], [2200, 0.43105667, 0.44883226, 0.12011107], [2300, 0.45578258, 0.4293263 , 0.11489112], [2400, 0.47844887, 0.41144515, 0.11010598], [2500, 0.49930257, 0.39499393, 0.1057035 ], [2600, 0.51855276, 0.37980769, 0.10163955], [2700, 0.53637754, 0.36574595, 0.09787651], [2800, 0.55292957, 0.35268826, 0.09438217], [2900, 0.56834048, 0.34053079, 0.09112873], [3000, 0.58174774, 0.33016014, 0.08809212], [3100, 0.5880023 , 0.32674634, 0.08525136], [3200, 0.58879366, 0.32861825, 0.08258808], [3300, 0.58540723, 0.33450659, 0.08008617], [3400, 0.57807149, 0.34419712, 0.07773139], [3500, 0.56569902, 0.35878985, 0.07551113], [3600, 0.55000624, 0.37657958, 0.07341418], [3700, 0.53514523, 0.39342422, 0.07143055], [3800, 0.52106616, 0.4074785 , 0.07145534], [3900, 0.50770892, 0.41650168, 0.07578941], [4000, 0.49501937, 0.42225473, 0.0827259 ], [4100, 0.48294867, 0.42598919, 0.09106214], [4200, 0.47145263, 0.42816749, 0.10037988], [4300, 0.46049116, 0.42902492, 0.11048391], [4400, 0.45002783, 0.42851141, 0.12146076], [4500, 0.44058115, 0.42649712, 0.13292173], [4600, 0.43603203, 0.42186911, 0.14209887], [4700, 0.43566486, 0.41539614, 0.148939  ], [4800, 0.43902912, 0.40803502, 0.15293586], [4900, 0.44636345, 0.40103987, 0.15259668], [5000, 0.45419692, 0.39625772, 0.14954536], [5100, 0.4599788 , 0.39340753, 0.14661367], [5200, 0.46407278, 0.39213251, 0.14379472], [5300, 0.46678159, 0.39213629, 0.14108212], [5400, 0.46831504, 0.39321499, 0.13846997], [5500, 0.46873001, 0.3953172 , 0.13595279], [5600, 0.4680778, 0.3983967, 0.1335255], [5700, 0.46636969, 0.40244695, 0.13118336], [5800, 0.46371513, 0.4073629 , 0.12892197], [5900, 0.46091814, 0.41234464, 0.12673722], [6000, 0.45912721, 0.41624751, 0.12462528], [6100, 0.45905037, 0.41836705, 0.12258258], [6200, 0.4608376 , 0.41855664, 0.12060576], [6300, 0.46467995, 0.41662836, 0.11869169], [6400, 0.47096685, 0.41219573, 0.11683742], [6500, 0.47890233, 0.40605747, 0.1150402 ], [6600, 0.48638135, 0.40032123, 0.11329743], [6700, 0.49209638, 0.39629694, 0.11160667], [6800, 0.49613164, 0.39390272, 0.10996564], [6900, 0.49880254, 0.39282529, 0.10837217], [7000, 0.50034262, 0.39283316, 0.10682421], [7100, 0.50092274, 0.3937574 , 0.10531986], [7200, 0.50057395, 0.39556876, 0.10385729], [7300, 0.49916776, 0.39839746, 0.10243478], [7400, 0.49667071, 0.40227858, 0.10105071], [7500, 0.49290136, 0.40739509, 0.09970355], [7600, 0.48762395, 0.41398422, 0.09839183], [7700, 0.48229322, 0.4205926 , 0.09711418], [7800, 0.4786285 , 0.42550221, 0.09586929], [7900, 0.47752638, 0.42781771, 0.09465591], [8000, 0.47906353, 0.42746362, 0.09347286], [8100, 0.48366283, 0.42401815, 0.09231901], [8200, 0.48993733, 0.41886936, 0.09119331], [8300, 0.49608193, 0.41382335, 0.09009473], [8400, 0.50180316, 0.40917454, 0.0890223 ], [8500, 0.50552154, 0.40650336, 0.0879751 ], [8600, 0.50757966, 0.40546808, 0.08695225], [8700, 0.50836251, 0.40568458, 0.08595292], [8800, 0.50795565, 0.40706806, 0.08497629], [8900, 0.50636988, 0.40960851, 0.08402161], [9000, 0.50341901, 0.41349285, 0.08308814], [9100, 0.49861431, 0.41921051, 0.08217518], [9200, 0.49319518, 0.42552275, 0.08128207], [9300, 0.48789258, 0.43169926, 0.08040816], [9400, 0.48321799, 0.43722916, 0.07955285], [9500, 0.48118317, 0.44010129, 0.07871554], [9600, 0.48156843, 0.4405359 , 0.07789567], [9700, 0.48440257, 0.43850472, 0.0770927 ], [9800, 0.48948195, 0.43421192, 0.07630612], [9900, 0.49463818, 0.42982639, 0.07553543]]
[[0, 0.33333333, 0.33333333, 0.33333333], [100, 0.3322893 , 0.26574895, 0.40196175], [200, 0.51130362, 0.2867156 , 0.20198078], [300, 0.34749607, 0.51651898, 0.13598495], [400, 0.33310106, 0.56482545, 0.10207349], [500, 0.43929805, 0.47900241, 0.08169954], [600, 0.53259288, 0.39930151, 0.06810561], [700, 0.59927007, 0.34233981, 0.05839011], [800, 0.64929878, 0.29960076, 0.05110046], [900, 0.68822233, 0.26634873, 0.04542893], [1000, 0.69458671, 0.24262911, 0.06278418], [1100, 0.67040586, 0.22918518, 0.10040896], [1200, 0.62950085, 0.22313383, 0.14736532], [1300, 0.59131444, 0.23046425, 0.1782213 ], [1400, 0.56331226, 0.2497701 , 0.18691764], [1500, 0.53948361, 0.28439084, 0.17612556], [1600, 0.51043456, 0.32444086, 0.16512458], [1700, 0.4804302 , 0.36415271, 0.15541708], [1800, 0.45375446, 0.39945795, 0.1467876 ], [1900, 0.4298852, 0.4310488, 0.139066 ], [2000, 0.41049886, 0.45738496, 0.13211617], [2100, 0.41138151, 0.46279057, 0.12582792], [2200, 0.43105667, 0.44883226, 0.12011107], [2300, 0.45578258, 0.4293263 , 0.11489112], [2400, 0.47844887, 0.41144515, 0.11010598], [2500, 0.49930257, 0.39499393, 0.1057035 ], [2600, 0.51855276, 0.37980769, 0.10163955], [2700, 0.53637754, 0.36574595, 0.09787651], [2800, 0.55292957, 0.35268826, 0.09438217], [2900, 0.56834048, 0.34053079, 0.09112873], [3000, 0.58174774, 0.33016014, 0.08809212], [3100, 0.5880023 , 0.32674634, 0.08525136], [3200, 0.58879366, 0.32861825, 0.08258808], [3300, 0.58540723, 0.33450659, 0.08008617], [3400, 0.57807149, 0.34419712, 0.07773139], [3500, 0.56569902, 0.35878985, 0.07551113], [3600, 0.55000624, 0.37657958, 0.07341418], [3700, 0.53514523, 0.39342422, 0.07143055], [3800, 0.52106616, 0.4074785 , 0.07145534], [3900, 0.50770892, 0.41650168, 0.07578941], [4000, 0.49501937, 0.42225473, 0.0827259 ], [4100, 0.48294867, 0.42598919, 0.09106214], [4200, 0.47145263, 0.42816749, 0.10037988], [4300, 0.46049116, 0.42902492, 0.11048391], [4400, 0.45002783, 0.42851141, 0.12146076], [4500, 0.44058115, 0.42649712, 0.13292173], [4600, 0.43603203, 0.42186911, 0.14209887], [4700, 0.43566486, 0.41539614, 0.148939  ], [4800, 0.43902912, 0.40803502, 0.15293586], [4900, 0.44636345, 0.40103987, 0.15259668], [5000, 0.45419692, 0.39625772, 0.14954536], [5100, 0.4599788 , 0.39340753, 0.14661367], [5200, 0.46407278, 0.39213251, 0.14379472], [5300, 0.46678159, 0.39213629, 0.14108212], [5400, 0.46831504, 0.39321499, 0.13846997], [5500, 0.46873001, 0.3953172 , 0.13595279], [5600, 0.4680778, 0.3983967, 0.1335255], [5700, 0.46636969, 0.40244695, 0.13118336], [5800, 0.46371513, 0.4073629 , 0.12892197], [5900, 0.46091814, 0.41234464, 0.12673722], [6000, 0.45912721, 0.41624751, 0.12462528], [6100, 0.45905037, 0.41836705, 0.12258258], [6200, 0.4608376 , 0.41855664, 0.12060576], [6300, 0.46467995, 0.41662836, 0.11869169], [6400, 0.47096685, 0.41219573, 0.11683742], [6500, 0.47890233, 0.40605747, 0.1150402 ], [6600, 0.48638135, 0.40032123, 0.11329743], [6700, 0.49209638, 0.39629694, 0.11160667], [6800, 0.49613164, 0.39390272, 0.10996564], [6900, 0.49880254, 0.39282529, 0.10837217], [7000, 0.50034262, 0.39283316, 0.10682421], [7100, 0.50092274, 0.3937574 , 0.10531986], [7200, 0.50057395, 0.39556876, 0.10385729], [7300, 0.49916776, 0.39839746, 0.10243478], [7400, 0.49667071, 0.40227858, 0.10105071], [7500, 0.49290136, 0.40739509, 0.09970355], [7600, 0.48762395, 0.41398422, 0.09839183], [7700, 0.48229322, 0.4205926 , 0.09711418], [7800, 0.4786285 , 0.42550221, 0.09586929], [7900, 0.47752638, 0.42781771, 0.09465591], [8000, 0.47906353, 0.42746362, 0.09347286], [8100, 0.48366283, 0.42401815, 0.09231901], [8200, 0.48993733, 0.41886936, 0.09119331], [8300, 0.49608193, 0.41382335, 0.09009473], [8400, 0.50180316, 0.40917454, 0.0890223 ], [8500, 0.50552154, 0.40650336, 0.0879751 ], [8600, 0.50757966, 0.40546808, 0.08695225], [8700, 0.50836251, 0.40568458, 0.08595292], [8800, 0.50795565, 0.40706806, 0.08497629], [8900, 0.50636988, 0.40960851, 0.08402161], [9000, 0.50341901, 0.41349285, 0.08308814], [9100, 0.49861431, 0.41921051, 0.08217518], [9200, 0.49319518, 0.42552275, 0.08128207], [9300, 0.48789258, 0.43169926, 0.08040816], [9400, 0.48321799, 0.43722916, 0.07955285], [9500, 0.48118317, 0.44010129, 0.07871554], [9600, 0.48156843, 0.4405359 , 0.07789567], [9700, 0.48440257, 0.43850472, 0.0770927 ], [9800, 0.48948195, 0.43421192, 0.07630612], [9900, 0.49463818, 0.42982639, 0.07553543]]
[[0, 0.33333333, 0.33333333, 0.33333333], [100, 0.3322893 , 0.26574895, 0.40196175], [200, 0.51130362, 0.2867156 , 0.20198078], [300, 0.34749607, 0.51651898, 0.13598495], [400, 0.33310106, 0.56482545, 0.10207349], [500, 0.43929805, 0.47900241, 0.08169954], [600, 0.53259288, 0.39930151, 0.06810561], [700, 0.59927007, 0.34233981, 0.05839011], [800, 0.64929878, 0.29960076, 0.05110046], [900, 0.68822233, 0.26634873, 0.04542893], [1000, 0.69458671, 0.24262911, 0.06278418], [1100, 0.67040586, 0.22918518, 0.10040896], [1200, 0.62950085, 0.22313383, 0.14736532], [1300, 0.59131444, 0.23046425, 0.1782213 ], [1400, 0.56331226, 0.2497701 , 0.18691764], [1500, 0.53948361, 0.28439084, 0.17612556], [1600, 0.51043456, 0.32444086, 0.16512458], [1700, 0.4804302 , 0.36415271, 0.15541708], [1800, 0.45375446, 0.39945795, 0.1467876 ], [1900, 0.4298852, 0.4310488, 0.139066 ], [2000, 0.41049886, 0.45738496, 0.13211617], [2100, 0.41138151, 0.46279057, 0.12582792], [2200, 0.43105667, 0.44883226, 0.12011107], [2300, 0.45578258, 0.4293263 , 0.11489112], [2400, 0.47844887, 0.41144515, 0.11010598], [2500, 0.49930257, 0.39499393, 0.1057035 ], [2600, 0.51855276, 0.37980769, 0.10163955], [2700, 0.53637754, 0.36574595, 0.09787651], [2800, 0.55292957, 0.35268826, 0.09438217], [2900, 0.56834048, 0.34053079, 0.09112873], [3000, 0.58174774, 0.33016014, 0.08809212], [3100, 0.5880023 , 0.32674634, 0.08525136], [3200, 0.58879366, 0.32861825, 0.08258808], [3300, 0.58540723, 0.33450659, 0.08008617], [3400, 0.57807149, 0.34419712, 0.07773139], [3500, 0.56569902, 0.35878985, 0.07551113], [3600, 0.55000624, 0.37657958, 0.07341418], [3700, 0.53514523, 0.39342422, 0.07143055], [3800, 0.52106616, 0.4074785 , 0.07145534], [3900, 0.50770892, 0.41650168, 0.07578941], [4000, 0.49501937, 0.42225473, 0.0827259 ], [4100, 0.48294867, 0.42598919, 0.09106214], [4200, 0.47145263, 0.42816749, 0.10037988], [4300, 0.46049116, 0.42902492, 0.11048391], [4400, 0.45002783, 0.42851141, 0.12146076], [4500, 0.44058115, 0.42649712, 0.13292173], [4600, 0.43603203, 0.42186911, 0.14209887], [4700, 0.43566486, 0.41539614, 0.148939  ], [4800, 0.43902912, 0.40803502, 0.15293586], [4900, 0.44636345, 0.40103987, 0.15259668], [5000, 0.45419692, 0.39625772, 0.14954536], [5100, 0.4599788 , 0.39340753, 0.14661367], [5200, 0.46407278, 0.39213251, 0.14379472], [5300, 0.46678159, 0.39213629, 0.14108212], [5400, 0.46831504, 0.39321499, 0.13846997], [5500, 0.46873001, 0.3953172 , 0.13595279], [5600, 0.4680778, 0.3983967, 0.1335255], [5700, 0.46636969, 0.40244695, 0.13118336], [5800, 0.46371513, 0.4073629 , 0.12892197], [5900, 0.46091814, 0.41234464, 0.12673722], [6000, 0.45912721, 0.41624751, 0.12462528], [6100, 0.45905037, 0.41836705, 0.12258258], [6200, 0.4608376 , 0.41855664, 0.12060576], [6300, 0.46467995, 0.41662836, 0.11869169], [6400, 0.47096685, 0.41219573, 0.11683742], [6500, 0.47890233, 0.40605747, 0.1150402 ], [6600, 0.48638135, 0.40032123, 0.11329743], [6700, 0.49209638, 0.39629694, 0.11160667], [6800, 0.49613164, 0.39390272, 0.10996564], [6900, 0.49880254, 0.39282529, 0.10837217], [7000, 0.50034262, 0.39283316, 0.10682421], [7100, 0.50092274, 0.3937574 , 0.10531986], [7200, 0.50057395, 0.39556876, 0.10385729], [7300, 0.49916776, 0.39839746, 0.10243478], [7400, 0.49667071, 0.40227858, 0.10105071], [7500, 0.49290136, 0.40739509, 0.09970355], [7600, 0.48762395, 0.41398422, 0.09839183], [7700, 0.48229322, 0.4205926 , 0.09711418], [7800, 0.4786285 , 0.42550221, 0.09586929], [7900, 0.47752638, 0.42781771, 0.09465591], [8000, 0.47906353, 0.42746362, 0.09347286], [8100, 0.48366283, 0.42401815, 0.09231901], [8200, 0.48993733, 0.41886936, 0.09119331], [8300, 0.49608193, 0.41382335, 0.09009473], [8400, 0.50180316, 0.40917454, 0.0890223 ], [8500, 0.50552154, 0.40650336, 0.0879751 ], [8600, 0.50757966, 0.40546808, 0.08695225], [8700, 0.50836251, 0.40568458, 0.08595292], [8800, 0.50795565, 0.40706806, 0.08497629], [8900, 0.50636988, 0.40960851, 0.08402161], [9000, 0.50341901, 0.41349285, 0.08308814], [9100, 0.49861431, 0.41921051, 0.08217518], [9200, 0.49319518, 0.42552275, 0.08128207], [9300, 0.48789258, 0.43169926, 0.08040816], [9400, 0.48321799, 0.43722916, 0.07955285], [9500, 0.48118317, 0.44010129, 0.07871554], [9600, 0.48156843, 0.4405359 , 0.07789567], [9700, 0.48440257, 0.43850472, 0.0770927 ], [9800, 0.48948195, 0.43421192, 0.07630612], [9900, 0.49463818, 0.42982639, 0.07553543]]
[[0, 0.33333333, 0.33333333, 0.33333333], [100, 0.3322893 , 0.26574895, 0.40196175], [200, 0.51130362, 0.2867156 , 0.20198078], [300, 0.34749607, 0.51651898, 0.13598495], [400, 0.33310106, 0.56482545, 0.10207349], [500, 0.43929805, 0.47900241, 0.08169954], [600, 0.53259288, 0.39930151, 0.06810561], [700, 0.59927007, 0.34233981, 0.05839011], [800, 0.64929878, 0.29960076, 0.05110046], [900, 0.68822233, 0.26634873, 0.04542893], [1000, 0.69458671, 0.24262911, 0.06278418], [1100, 0.67040586, 0.22918518, 0.10040896], [1200, 0.62950085, 0.22313383, 0.14736532], [1300, 0.59131444, 0.23046425, 0.1782213 ], [1400, 0.56331226, 0.2497701 , 0.18691764], [1500, 0.53948361, 0.28439084, 0.17612556], [1600, 0.51043456, 0.32444086, 0.16512458], [1700, 0.4804302 , 0.36415271, 0.15541708], [1800, 0.45375446, 0.39945795, 0.1467876 ], [1900, 0.4298852, 0.4310488, 0.139066 ], [2000, 0.41049886, 0.45738496, 0.13211617], [2100, 0.41138151, 0.46279057, 0.12582792], [2200, 0.43105667, 0.44883226, 0.12011107], [2300, 0.45578258, 0.4293263 , 0.11489112], [2400, 0.47844887, 0.41144515, 0.11010598], [2500, 0.49930257, 0.39499393, 0.1057035 ], [2600, 0.51855276, 0.37980769, 0.10163955], [2700, 0.53637754, 0.36574595, 0.09787651], [2800, 0.55292957, 0.35268826, 0.09438217], [2900, 0.56834048, 0.34053079, 0.09112873], [3000, 0.58174774, 0.33016014, 0.08809212], [3100, 0.5880023 , 0.32674634, 0.08525136], [3200, 0.58879366, 0.32861825, 0.08258808], [3300, 0.58540723, 0.33450659, 0.08008617], [3400, 0.57807149, 0.34419712, 0.07773139], [3500, 0.56569902, 0.35878985, 0.07551113], [3600, 0.55000624, 0.37657958, 0.07341418], [3700, 0.53514523, 0.39342422, 0.07143055], [3800, 0.52106616, 0.4074785 , 0.07145534], [3900, 0.50770892, 0.41650168, 0.07578941], [4000, 0.49501937, 0.42225473, 0.0827259 ], [4100, 0.48294867, 0.42598919, 0.09106214], [4200, 0.47145263, 0.42816749, 0.10037988], [4300, 0.46049116, 0.42902492, 0.11048391], [4400, 0.45002783, 0.42851141, 0.12146076], [4500, 0.44058115, 0.42649712, 0.13292173], [4600, 0.43603203, 0.42186911, 0.14209887], [4700, 0.43566486, 0.41539614, 0.148939  ], [4800, 0.43902912, 0.40803502, 0.15293586], [4900, 0.44636345, 0.40103987, 0.15259668], [5000, 0.45419692, 0.39625772, 0.14954536], [5100, 0.4599788 , 0.39340753, 0.14661367], [5200, 0.46407278, 0.39213251, 0.14379472], [5300, 0.46678159, 0.39213629, 0.14108212], [5400, 0.46831504, 0.39321499, 0.13846997], [5500, 0.46873001, 0.3953172 , 0.13595279], [5600, 0.4680778, 0.3983967, 0.1335255], [5700, 0.46636969, 0.40244695, 0.13118336], [5800, 0.46371513, 0.4073629 , 0.12892197], [5900, 0.46091814, 0.41234464, 0.12673722], [6000, 0.45912721, 0.41624751, 0.12462528], [6100, 0.45905037, 0.41836705, 0.12258258], [6200, 0.4608376 , 0.41855664, 0.12060576], [6300, 0.46467995, 0.41662836, 0.11869169], [6400, 0.47096685, 0.41219573, 0.11683742], [6500, 0.47890233, 0.40605747, 0.1150402 ], [6600, 0.48638135, 0.40032123, 0.11329743], [6700, 0.49209638, 0.39629694, 0.11160667], [6800, 0.49613164, 0.39390272, 0.10996564], [6900, 0.49880254, 0.39282529, 0.10837217], [7000, 0.50034262, 0.39283316, 0.10682421], [7100, 0.50092274, 0.3937574 , 0.10531986], [7200, 0.50057395, 0.39556876, 0.10385729], [7300, 0.49916776, 0.39839746, 0.10243478], [7400, 0.49667071, 0.40227858, 0.10105071], [7500, 0.49290136, 0.40739509, 0.09970355], [7600, 0.48762395, 0.41398422, 0.09839183], [7700, 0.48229322, 0.4205926 , 0.09711418], [7800, 0.4786285 , 0.42550221, 0.09586929], [7900, 0.47752638, 0.42781771, 0.09465591], [8000, 0.47906353, 0.42746362, 0.09347286], [8100, 0.48366283, 0.42401815, 0.09231901], [8200, 0.48993733, 0.41886936, 0.09119331], [8300, 0.49608193, 0.41382335, 0.09009473], [8400, 0.50180316, 0.40917454, 0.0890223 ], [8500, 0.50552154, 0.40650336, 0.0879751 ], [8600, 0.50757966, 0.40546808, 0.08695225], [8700, 0.50836251, 0.40568458, 0.08595292], [8800, 0.50795565, 0.40706806, 0.08497629], [8900, 0.50636988, 0.40960851, 0.08402161], [9000, 0.50341901, 0.41349285, 0.08308814], [9100, 0.49861431, 0.41921051, 0.08217518], [9200, 0.49319518, 0.42552275, 0.08128207], [9300, 0.48789258, 0.43169926, 0.08040816], [9400, 0.48321799, 0.43722916, 0.07955285], [9500, 0.48118317, 0.44010129, 0.07871554], [9600, 0.48156843, 0.4405359 , 0.07789567], [9700, 0.48440257, 0.43850472, 0.0770927 ], [9800, 0.48948195, 0.43421192, 0.07630612], [9900, 0.49463818, 0.42982639, 0.07553543]]
[[0, 0.33333333, 0.33333333, 0.33333333], [100, 0.3322893 , 0.26574895, 0.40196175], [200, 0.51130362, 0.2867156 , 0.20198078], [300, 0.34749607, 0.51651898, 0.13598495], [400, 0.33310106, 0.56482545, 0.10207349], [500, 0.43929805, 0.47900241, 0.08169954], [600, 0.53259288, 0.39930151, 0.06810561], [700, 0.59927007, 0.34233981, 0.05839011], [800, 0.64929878, 0.29960076, 0.05110046], [900, 0.68822233, 0.26634873, 0.04542893], [1000, 0.69458671, 0.24262911, 0.06278418], [1100, 0.67040586, 0.22918518, 0.10040896], [1200, 0.62950085, 0.22313383, 0.14736532], [1300, 0.59131444, 0.23046425, 0.1782213 ], [1400, 0.56331226, 0.2497701 , 0.18691764], [1500, 0.53948361, 0.28439084, 0.17612556], [1600, 0.51043456, 0.32444086, 0.16512458], [1700, 0.4804302 , 0.36415271, 0.15541708], [1800, 0.45375446, 0.39945795, 0.1467876 ], [1900, 0.4298852, 0.4310488, 0.139066 ], [2000, 0.41049886, 0.45738496, 0.13211617], [2100, 0.41138151, 0.46279057, 0.12582792], [2200, 0.43105667, 0.44883226, 0.12011107], [2300, 0.45578258, 0.4293263 , 0.11489112], [2400, 0.47844887, 0.41144515, 0.11010598], [2500, 0.49930257, 0.39499393, 0.1057035 ], [2600, 0.51855276, 0.37980769, 0.10163955], [2700, 0.53637754, 0.36574595, 0.09787651], [2800, 0.55292957, 0.35268826, 0.09438217], [2900, 0.56834048, 0.34053079, 0.09112873], [3000, 0.58174774, 0.33016014, 0.08809212], [3100, 0.5880023 , 0.32674634, 0.08525136], [3200, 0.58879366, 0.32861825, 0.08258808], [3300, 0.58540723, 0.33450659, 0.08008617], [3400, 0.57807149, 0.34419712, 0.07773139], [3500, 0.56569902, 0.35878985, 0.07551113], [3600, 0.55000624, 0.37657958, 0.07341418], [3700, 0.53514523, 0.39342422, 0.07143055], [3800, 0.52106616, 0.4074785 , 0.07145534], [3900, 0.50770892, 0.41650168, 0.07578941], [4000, 0.49501937, 0.42225473, 0.0827259 ], [4100, 0.48294867, 0.42598919, 0.09106214], [4200, 0.47145263, 0.42816749, 0.10037988], [4300, 0.46049116, 0.42902492, 0.11048391], [4400, 0.45002783, 0.42851141, 0.12146076], [4500, 0.44058115, 0.42649712, 0.13292173], [4600, 0.43603203, 0.42186911, 0.14209887], [4700, 0.43566486, 0.41539614, 0.148939  ], [4800, 0.43902912, 0.40803502, 0.15293586], [4900, 0.44636345, 0.40103987, 0.15259668], [5000, 0.45419692, 0.39625772, 0.14954536], [5100, 0.4599788 , 0.39340753, 0.14661367], [5200, 0.46407278, 0.39213251, 0.14379472], [5300, 0.46678159, 0.39213629, 0.14108212], [5400, 0.46831504, 0.39321499, 0.13846997], [5500, 0.46873001, 0.3953172 , 0.13595279], [5600, 0.4680778, 0.3983967, 0.1335255], [5700, 0.46636969, 0.40244695, 0.13118336], [5800, 0.46371513, 0.4073629 , 0.12892197], [5900, 0.46091814, 0.41234464, 0.12673722], [6000, 0.45912721, 0.41624751, 0.12462528], [6100, 0.45905037, 0.41836705, 0.12258258], [6200, 0.4608376 , 0.41855664, 0.12060576], [6300, 0.46467995, 0.41662836, 0.11869169], [6400, 0.47096685, 0.41219573, 0.11683742], [6500, 0.47890233, 0.40605747, 0.1150402 ], [6600, 0.48638135, 0.40032123, 0.11329743], [6700, 0.49209638, 0.39629694, 0.11160667], [6800, 0.49613164, 0.39390272, 0.10996564], [6900, 0.49880254, 0.39282529, 0.10837217], [7000, 0.50034262, 0.39283316, 0.10682421], [7100, 0.50092274, 0.3937574 , 0.10531986], [7200, 0.50057395, 0.39556876, 0.10385729], [7300, 0.49916776, 0.39839746, 0.10243478], [7400, 0.49667071, 0.40227858, 0.10105071], [7500, 0.49290136, 0.40739509, 0.09970355], [7600, 0.48762395, 0.41398422, 0.09839183], [7700, 0.48229322, 0.4205926 , 0.09711418], [7800, 0.4786285 , 0.42550221, 0.09586929], [7900, 0.47752638, 0.42781771, 0.09465591], [8000, 0.47906353, 0.42746362, 0.09347286], [8100, 0.48366283, 0.42401815, 0.09231901], [8200, 0.48993733, 0.41886936, 0.09119331], [8300, 0.49608193, 0.41382335, 0.09009473], [8400, 0.50180316, 0.40917454, 0.0890223 ], [8500, 0.50552154, 0.40650336, 0.0879751 ], [8600, 0.50757966, 0.40546808, 0.08695225], [8700, 0.50836251, 0.40568458, 0.08595292], [8800, 0.50795565, 0.40706806, 0.08497629], [8900, 0.50636988, 0.40960851, 0.08402161], [9000, 0.50341901, 0.41349285, 0.08308814], [9100, 0.49861431, 0.41921051, 0.08217518], [9200, 0.49319518, 0.42552275, 0.08128207], [9300, 0.48789258, 0.43169926, 0.08040816], [9400, 0.48321799, 0.43722916, 0.07955285], [9500, 0.48118317, 0.44010129, 0.07871554], [9600, 0.48156843, 0.4405359 , 0.07789567], [9700, 0.48440257, 0.43850472, 0.0770927 ], [9800, 0.48948195, 0.43421192, 0.07630612], [9900, 0.49463818, 0.42982639, 0.07553543]]
