[(3.575, 0.81356237, 0.08725073, 0.0991869 ), (3.2, 0.83071463, 0.07922366, 0.0900617 ), (2.325, 0.79210046, 0.13526914, 0.07263041), (2.475, 0.77177337, 0.1589484 , 0.06927823), (3.7, 0.72190213, 0.21572827, 0.0623696 ), (2.825, 0.35305985, 0.52588981, 0.12105035), (3.475, 0.33903942, 0.50912304, 0.15183754), (3.9000000000000004, 0.32199058, 0.48352142, 0.194488  ), (2.075, 0.27127536, 0.39913325, 0.3295914 ), (2.05, 0.27143008, 0.37540483, 0.35316509), (2.95, 0.27372798, 0.36853767, 0.35773436), (2.075, 0.32294677, 0.32197964, 0.35507359), (3.475, 0.35013616, 0.309044  , 0.34081984), (3.55, 0.39887594, 0.2858657 , 0.31525835), (3.425, 0.40411011, 0.28337659, 0.3125133 ), (3.975, 0.43975844, 0.26642396, 0.29381761), (2.725, 0.53807705, 0.21966835, 0.2422546 ), (2.1, 0.60335996, 0.18862293, 0.2080171 ), (3.6, 0.6066916 , 0.18703857, 0.20626983), (2.175, 0.60842271, 0.18621534, 0.20536195), (2.425, 0.61285309, 0.18410846, 0.20303845), (3.225, 0.62064881, 0.18063639, 0.1987148 ), (3.1, 0.62548507, 0.1789649 , 0.19555003), (2.825, 0.62668576, 0.17866161, 0.19465263), (2.65, 0.62863493, 0.17824323, 0.19312184), (3.875, 0.63417072, 0.17822077, 0.18760851), (2.25, 0.63512699, 0.17846375, 0.18640925), (2.1, 0.63612927, 0.17886583, 0.1850049 ), (3.975, 0.63886853, 0.18153857, 0.1795929 ), (2.85, 0.63911598, 0.18204831, 0.17883571), (2.1, 0.64000199, 0.18933877, 0.17065924), (2.05, 0.63832433, 0.19750173, 0.16417395), (2.15, 0.63622486, 0.20360269, 0.16017245), (3.225, 0.63580283, 0.20468183, 0.15951534), (3.975, 0.6288259 , 0.21978462, 0.15138947), (3.425, 0.62855701, 0.22029872, 0.15114427), (2.975, 0.61200969, 0.24900241, 0.13898789), (3.325, 0.59579222, 0.27354904, 0.13065874), (3.25, 0.58641175, 0.28669612, 0.12689213), (2.2, 0.58278834, 0.29168507, 0.1255266 ), (2.65, 0.57828216, 0.29785738, 0.12386046), (2.225, 0.57037112, 0.30850158, 0.1211273 ), (2.975, 0.57027261, 0.30863152, 0.12109586), (2.45, 0.56926899, 0.30997988, 0.12075113), (2.3, 0.55708219, 0.32635964, 0.11655817), (2.55, 0.55009735, 0.3356842 , 0.11421845), (3.1500000000000004, 0.54826161, 0.33813178, 0.11360661), (3.2750000000000004, 0.54719722, 0.33955464, 0.11324815), (2.325, 0.542066  , 0.34639148, 0.11154252), (2.425, 0.5321619 , 0.35958234, 0.10825577), (3.975, 0.5293037 , 0.36338664, 0.10730965), (2.1, 0.52592412, 0.36788963, 0.10618624), (3.35, 0.52548429, 0.36847426, 0.10604145), (2.325, 0.52424873, 0.37011795, 0.10563332), (2.9, 0.50775231, 0.39205822, 0.10018947), (3.4000000000000004, 0.50173878, 0.40003335, 0.09822787), (2.475, 0.49747818, 0.40568032, 0.0968415 ), (3.5250000000000004, 0.49417517, 0.4100567 , 0.09576814), (3.55, 0.48430012, 0.4230058 , 0.09269408), (3.5, 0.4702151 , 0.44073543, 0.08904947), (2.4, 0.4574349 , 0.45606033, 0.08650476), (2.375, 0.45702482, 0.45653893, 0.08643625), (3.2, 0.44131651, 0.47414173, 0.08454176), (3.375, 0.44045043, 0.47507131, 0.08447826), (2.6, 0.43860294, 0.47704987, 0.08434719), (3.6500000000000004, 0.43666014, 0.479115  , 0.08422486), (2.575, 0.43449855, 0.48139725, 0.0841042 ), (2.725, 0.42881412, 0.48730264, 0.08388324), (3.7750000000000004, 0.41755803, 0.49831233, 0.08412965), (2.55, 0.41660671, 0.49920153, 0.08419176), (3.925, 0.40013258, 0.51117706, 0.08869036), (3.7, 0.38374462, 0.50842868, 0.10782669), (2.1, 0.38327847, 0.50680957, 0.10991196), (3.1, 0.38321989, 0.50660611, 0.110174  ), (3.35, 0.3825133 , 0.50415189, 0.1133348 ), (2.95, 0.3821885 , 0.50302373, 0.11478777), (2.975, 0.38185411, 0.5018623 , 0.11628359), (3.45, 0.3811518 , 0.49942294, 0.11942526), (3.225, 0.37920503, 0.49266113, 0.12813384), (3.3, 0.37886133, 0.49146735, 0.12967133), (3.45, 0.37800073, 0.4884782 , 0.13352107), (2.325, 0.37744485, 0.48654744, 0.13600771), (3.925, 0.37717771, 0.48561959, 0.1372027 ), (2.9, 0.37680245, 0.48431617, 0.13888139), (3.0, 0.37615692, 0.48207404, 0.14176904), (3.475, 0.37610847, 0.48190576, 0.14198577), (3.375, 0.37534793, 0.47926414, 0.14538793), (2.725, 0.37447919, 0.47624671, 0.1492741 ), (2.85, 0.37442453, 0.47605687, 0.1495186 ), (2.55, 0.37436013, 0.47583317, 0.14980671), (3.975, 0.37386171, 0.47410199, 0.15203631), (3.25, 0.37377981, 0.47381754, 0.15240265), (2.675, 0.37314569, 0.47161503, 0.15523928), (2.45, 0.37271715, 0.47012658, 0.15715627), (3.175, 0.37264436, 0.46987372, 0.15748192), (3.0250000000000004, 0.37080043, 0.46346916, 0.1657304 ), (2.0, 0.37054232, 0.46257266, 0.16688502), (2.65, 0.3703561 , 0.46192583, 0.16771808), (3.7750000000000004, 0.37025567, 0.461577  , 0.16816734), (3.375, 0.36969151, 0.45961751, 0.17069097), (2.45, 0.36965271, 0.45948272, 0.17086457), (3.5250000000000004, 0.36962946, 0.45940199, 0.17096855), (3.9000000000000004, 0.36877508, 0.45643443, 0.17479049), (3.5, 0.36833757, 0.45491482, 0.17674761), (3.0, 0.36791425, 0.45344447, 0.17864128), (2.85, 0.36782661, 0.45314009, 0.1790333 ), (2.375, 0.36764921, 0.4525239 , 0.1798269 ), (2.4, 0.36749418, 0.45198544, 0.18052038), (3.75, 0.36734395, 0.45146363, 0.18119242), (2.375, 0.36673632, 0.44935313, 0.18391056), (2.4, 0.36573442, 0.44587319, 0.18839239), (2.3, 0.3656023 , 0.44541428, 0.18898342), (2.075, 0.36559312, 0.44538241, 0.18902448), (2.6, 0.36559006, 0.44537178, 0.18903816), (3.0, 0.3652452 , 0.44417396, 0.19058084), (3.3, 0.36517055, 0.4439147 , 0.19091475), (2.1, 0.36413314, 0.44031139, 0.19555547), (2.225, 0.3637586 , 0.43901052, 0.19723088), (3.7, 0.36344894, 0.43793495, 0.19861612), (2.4, 0.3629922 , 0.43634855, 0.20065924), (2.75, 0.36278938, 0.43564407, 0.20156655), (3.5250000000000004, 0.36270294, 0.43534383, 0.20195323), (2.7, 0.36180595, 0.43222829, 0.20596576), (2.525, 0.36164957, 0.43168514, 0.20666529), (2.65, 0.36129818, 0.43046463, 0.20823719), (3.225, 0.36105667, 0.42962579, 0.20931754), (3.55, 0.36073739, 0.42851684, 0.21074577), (3.55, 0.36041892, 0.42741067, 0.21217041), (3.325, 0.36038447, 0.42729101, 0.21232452), (3.5, 0.36038232, 0.42728354, 0.21233414), (2.75, 0.36028164, 0.42693384, 0.21278452), (3.3, 0.36024115, 0.42679321, 0.21296564), (3.6, 0.36018382, 0.42659409, 0.21322209), (2.55, 0.36009513, 0.42628604, 0.21361884), (3.725, 0.35992572, 0.42569764, 0.21437664), (3.825, 0.35979956, 0.42525941, 0.21494103), (3.975, 0.35978721, 0.42521653, 0.21499626), (3.425, 0.35974204, 0.42505965, 0.21519831), (2.175, 0.35963589, 0.42469096, 0.21567315), (3.125, 0.35961355, 0.42461335, 0.21577311), (2.425, 0.35957099, 0.42446554, 0.21596346), (3.5250000000000004, 0.35933839, 0.42365765, 0.21700396), (3.95, 0.35930663, 0.42354733, 0.21714603), (3.625, 0.3591843 , 0.42312241, 0.21769329), (2.725, 0.35913529, 0.4229522 , 0.21791251), (2.5, 0.35910012, 0.42283005, 0.21806983), (2.075, 0.35888535, 0.42208407, 0.21903057), (2.05, 0.35857825, 0.42101741, 0.22040434), (3.9000000000000004, 0.35853711, 0.42087452, 0.22058836), (2.4, 0.3582237 , 0.41978594, 0.22199036), (2.15, 0.35818734, 0.41965965, 0.22215301), (2.45, 0.35785598, 0.41850872, 0.22363531), (3.95, 0.3577732 , 0.41822119, 0.22400561), (3.475, 0.35766659, 0.4178509 , 0.22448252), (2.075, 0.3576249 , 0.41770609, 0.22466901), (3.725, 0.35758335, 0.41756178, 0.22485487), (2.1, 0.35734549, 0.41673561, 0.22591891), (3.475, 0.35728295, 0.41651841, 0.22619863), (2.825, 0.3571372 , 0.41601215, 0.22685066), (2.675, 0.35708071, 0.41581596, 0.22710332), (2.775, 0.35705919, 0.4157412 , 0.22719961), (3.0250000000000004, 0.35697512, 0.4154492 , 0.22757568), (2.925, 0.35675865, 0.41469734, 0.228544  ), (3.5250000000000004, 0.35663035, 0.4142517 , 0.22911795), (3.55, 0.35660167, 0.4141521 , 0.22924623), (2.55, 0.35656514, 0.41402519, 0.22940967), (3.25, 0.35653188, 0.41390966, 0.22955846), (3.375, 0.35645307, 0.41363593, 0.229911  ), (3.725, 0.35633429, 0.4132234 , 0.23044231), (2.275, 0.35616913, 0.41264973, 0.23118114), (2.025, 0.35614464, 0.41256465, 0.23129071), (3.75, 0.35571993, 0.41108949, 0.23319058), (3.125, 0.35566703, 0.41090577, 0.2334272 ), (3.875, 0.3555998 , 0.41067227, 0.23372793), (2.725, 0.35551128, 0.41036479, 0.23412393), (2.375, 0.35539338, 0.40995529, 0.23465133), (3.9000000000000004, 0.3553221 , 0.40970772, 0.23497018), (3.175, 0.35531926, 0.40969785, 0.23498289), (3.4000000000000004, 0.35530081, 0.40963376, 0.23506543), (3.575, 0.35524705, 0.40944704, 0.23530591), (3.175, 0.35521323, 0.40932958, 0.23545719), (3.3, 0.35511938, 0.40900358, 0.23587704), (3.0, 0.35501803, 0.40865156, 0.23633041), (2.125, 0.35487526, 0.40815567, 0.23696907), (2.275, 0.35480322, 0.40790546, 0.23729132), (3.55, 0.35445014, 0.4066791 , 0.23887076), (2.875, 0.35439133, 0.40647484, 0.23913383), (2.9, 0.35425152, 0.40598924, 0.23975924), (2.6, 0.35411356, 0.40551004, 0.2403764 ), (3.1, 0.35406798, 0.40535171, 0.24058031), (2.925, 0.35406166, 0.40532978, 0.24060856), (3.05, 0.35399872, 0.40511116, 0.24089013), (2.075, 0.35397615, 0.40503278, 0.24099107), (3.5, 0.35377894, 0.40434779, 0.24187327), (3.45, 0.3537446 , 0.40422852, 0.24202688), (3.325, 0.35355657, 0.40357544, 0.24286799), (2.05, 0.35347517, 0.4032927 , 0.24323212), (3.425, 0.35300134, 0.40164694, 0.24535172), (2.2, 0.35276769, 0.4008354 , 0.24639691), (3.0, 0.35273556, 0.40072378, 0.24654066), (2.4, 0.35270463, 0.40061636, 0.24667901), (2.5, 0.35265184, 0.40043301, 0.24691515), (3.6500000000000004, 0.35260589, 0.40027339, 0.24712072), (2.05, 0.35244139, 0.39970202, 0.24785659), (2.2, 0.35241781, 0.39962013, 0.24796206), (2.75, 0.35226175, 0.3990781 , 0.24866015), (2.35, 0.35225965, 0.39907078, 0.24866957), (3.575, 0.35217789, 0.39878682, 0.24903529), (2.125, 0.35217372, 0.39877232, 0.24905396), (3.55, 0.35214768, 0.39868187, 0.24917045), (3.0, 0.35206173, 0.39838334, 0.24955493), (2.4, 0.35186892, 0.39771364, 0.25041745), (2.625, 0.35180853, 0.39750391, 0.25068756), (2.9, 0.35172764, 0.39722293, 0.25104943), (2.175, 0.35169587, 0.3971126 , 0.25119153), (3.075, 0.35133165, 0.39584754, 0.25282081), (2.55, 0.35114138, 0.39518667, 0.25367194), (2.45, 0.35111347, 0.39508971, 0.25379682), (2.275, 0.35094051, 0.39448896, 0.25457054), (2.125, 0.35060624, 0.39332793, 0.25606583), (3.3, 0.3505756 , 0.39322153, 0.25620286), (2.175, 0.35039064, 0.39257909, 0.25703027), (3.725, 0.35014457, 0.3917244 , 0.25813103), (2.425, 0.35013129, 0.39167828, 0.25819043), (3.35, 0.35006357, 0.39144305, 0.25849338), (2.4, 0.34999312, 0.39119838, 0.25880849), (2.525, 0.34996625, 0.39110504, 0.25892871), (3.55, 0.34992489, 0.39096138, 0.25911373), (2.775, 0.34961449, 0.38988327, 0.26050224), (3.925, 0.34959038, 0.38979951, 0.26061011), (2.475, 0.3495896 , 0.38979682, 0.26061358), (2.075, 0.34949694, 0.38947496, 0.2610281 ), (2.375, 0.34940153, 0.38914358, 0.26145489), (3.35, 0.34936066, 0.38900163, 0.26163771), (3.325, 0.34918077, 0.38837681, 0.26244241), (2.8, 0.34917635, 0.38836144, 0.26246222), (3.925, 0.34913955, 0.38823363, 0.26262682), (2.725, 0.34912854, 0.38819541, 0.26267605), (2.825, 0.34905121, 0.38792678, 0.26302201), (2.2, 0.34897318, 0.38765579, 0.26337103), (3.55, 0.34894305, 0.38755112, 0.26350583), (2.0, 0.34889593, 0.38738747, 0.2637166 ), (3.175, 0.34887816, 0.38732573, 0.26379611), (3.875, 0.34887461, 0.3873134 , 0.26381199), (2.35, 0.34885547, 0.38724692, 0.26389761), (2.15, 0.34884415, 0.3872076 , 0.26394826), (2.625, 0.348792  , 0.38702648, 0.26418151), (2.65, 0.3486535 , 0.38654542, 0.26480108), (3.6500000000000004, 0.34865143, 0.38653823, 0.26481034), (2.575, 0.34859099, 0.38632829, 0.26508072), (2.15, 0.34854189, 0.38615776, 0.26530036), (2.0, 0.34850054, 0.38601413, 0.26548534), (2.7, 0.34847556, 0.38592739, 0.26559705), (3.725, 0.34842988, 0.38576872, 0.2658014 ), (3.8, 0.34839313, 0.38564108, 0.26596578), (2.025, 0.3483918 , 0.38563645, 0.26597174), (2.6, 0.34833802, 0.38544964, 0.26621234), (2.475, 0.34828724, 0.38527329, 0.26643947), (3.05, 0.34824661, 0.38513215, 0.26662124), (2.85, 0.34819256, 0.38494441, 0.26686303), (2.325, 0.34810098, 0.38462635, 0.26727267), (3.325, 0.34808498, 0.38457076, 0.26734427), (3.675, 0.34788874, 0.38388914, 0.26822212), (3.5, 0.347711 , 0.3832718, 0.2690172), (3.475, 0.34768735, 0.38318964, 0.26912301), (2.65, 0.34761086, 0.38292397, 0.26946517), (2.1, 0.34760786, 0.38291357, 0.26947857), (3.45, 0.34760367, 0.38289901, 0.26949732), (3.9000000000000004, 0.34738272, 0.38213158, 0.27048569), (3.425, 0.34735898, 0.38204912, 0.2705919 ), (2.025, 0.34729682, 0.38183322, 0.27086996), (3.425, 0.34723691, 0.38162514, 0.27113795), (2.95, 0.34709967, 0.38114843, 0.2717519 ), (3.6, 0.34702268, 0.38088105, 0.27209626), (3.9000000000000004, 0.34701278, 0.38084664, 0.27214058), (3.875, 0.3469335 , 0.38057129, 0.27249521), (2.65, 0.34690854, 0.3804846 , 0.27260686), (2.875, 0.34688691, 0.38040948, 0.27270361), (2.825, 0.34686482, 0.38033272, 0.27280246), (2.575, 0.34685729, 0.38030657, 0.27283614), (3.45, 0.34684065, 0.38024877, 0.27291059), (2.475, 0.34680802, 0.38013544, 0.27305654), (3.9000000000000004, 0.34672424, 0.37984444, 0.27343133), (2.225, 0.34647293, 0.37897158, 0.27455549), (2.625, 0.34631354, 0.37841797, 0.27526849), (3.625, 0.34629673, 0.37835957, 0.2753437 ), (3.675, 0.34616813, 0.37791291, 0.27591896), (2.5, 0.34615121, 0.37785413, 0.27599466), (2.875, 0.34613433, 0.37779551, 0.27607015), (2.45, 0.34604966, 0.37750141, 0.27644893), (2.25, 0.34604871, 0.37749811, 0.27645318), (2.9, 0.34604491, 0.37748491, 0.27647018), (3.825, 0.34598254, 0.37726827, 0.2767492 ), (3.5250000000000004, 0.3458966, 0.3769698, 0.2771336), (3.6, 0.34588456, 0.37692795, 0.27718749), (2.5, 0.34584119, 0.37677732, 0.27738149), (2.725, 0.34583108, 0.37674222, 0.2774267 ), (3.7750000000000004, 0.34577215, 0.37653752, 0.27769034), (3.925, 0.34571197, 0.37632848, 0.27795955), (3.05, 0.34558362, 0.3758827 , 0.27853368), (2.6, 0.34552262, 0.37567083, 0.27880654), (2.725, 0.34551869, 0.37565719, 0.27882412), (2.2, 0.34546439, 0.37546858, 0.27906703), (3.4000000000000004, 0.34543376, 0.3753622 , 0.27920404), (3.8, 0.34536616, 0.37512737, 0.27950647), (2.075, 0.34511657, 0.37426046, 0.28062297), (2.675, 0.34505972, 0.37406301, 0.28087728), (2.4, 0.34494012, 0.37364761, 0.28141227), (3.925, 0.34491642, 0.37356527, 0.28151831), (2.9, 0.34489791, 0.37350101, 0.28160108), (3.725, 0.34486773, 0.37339617, 0.2817361 ), (3.325, 0.3448646 , 0.3733853 , 0.28175009), (2.125, 0.34478967, 0.37312505, 0.28208527), (3.175, 0.34476658, 0.37304483, 0.28218859), (2.45, 0.34476351, 0.37303416, 0.28220233), (3.125, 0.34471724, 0.37287345, 0.28240931), (3.55, 0.34469064, 0.37278107, 0.28252829), (2.525, 0.34468155, 0.3727495 , 0.28256896), (2.325, 0.34458027, 0.37239774, 0.28302199), (3.0, 0.34457062, 0.3723642 , 0.28306518), (2.825, 0.34453474, 0.37223957, 0.2832257 ), (3.25, 0.34441364, 0.37181896, 0.2837674 ), (2.925, 0.34440139, 0.3717764 , 0.28382221), (2.525, 0.34438198, 0.37170899, 0.28390903), (2.975, 0.34435835, 0.37162693, 0.28401472), (3.125, 0.34435121, 0.37160213, 0.28404665), (2.825, 0.34435086, 0.37160089, 0.28404825), (2.9, 0.34433518, 0.37154645, 0.28411836), (3.4000000000000004, 0.34430043, 0.37142576, 0.28427381), (3.375, 0.34428173, 0.3713608 , 0.28435747), (3.9000000000000004, 0.34420929, 0.3711092 , 0.2846815 ), (3.9000000000000004, 0.34415981, 0.37093733, 0.28490286), (3.325, 0.34414571, 0.37088834, 0.28496595), (3.1, 0.34412034, 0.37080024, 0.28507942), (2.575, 0.34404496, 0.37053841, 0.28541663), (3.475, 0.34399562, 0.37036704, 0.28563734), (2.825, 0.34396829, 0.37027213, 0.28575958), (3.3, 0.34396099, 0.37024675, 0.28579227), (2.4, 0.34391439, 0.3700849 , 0.28600071), (3.4000000000000004, 0.34390749, 0.37006092, 0.2860316 ), (3.1, 0.34385745, 0.36988712, 0.28625543), (2.025, 0.3438153 , 0.36974074, 0.28644396), (3.5, 0.34380563, 0.36970713, 0.28648725), (2.45, 0.34380112, 0.36969146, 0.28650742), (3.4000000000000004, 0.34379951, 0.36968587, 0.28651463), (3.3, 0.34366446, 0.3692168 , 0.28711875), (3.0250000000000004, 0.3436142 , 0.36904225, 0.28734355), (2.625, 0.3436083 , 0.36902176, 0.28736994), (3.7750000000000004, 0.34357306, 0.36889933, 0.28752761), (3.075, 0.34355552, 0.36883843, 0.28760605), (2.475, 0.34354509, 0.3688022 , 0.28765271), (3.625, 0.34353468, 0.36876605, 0.28769927), (2.5, 0.34352796, 0.36874269, 0.28772935), (2.0, 0.34349478, 0.36862744, 0.28787779), (3.675, 0.34347449, 0.36855696, 0.28796855), (3.575, 0.34347026, 0.36854227, 0.28798747), (2.775, 0.34346905, 0.36853808, 0.28799288), (3.8, 0.34343895, 0.36843352, 0.28812753), (2.725, 0.34339621, 0.36828509, 0.2883187 ), (2.325, 0.34337216, 0.36820157, 0.28842627), (2.15, 0.34328992, 0.36791589, 0.28879419), (2.125, 0.34321187, 0.36764482, 0.2891433 ), (2.175, 0.3431927 , 0.36757822, 0.28922909), (2.675, 0.34312799, 0.36735347, 0.28951854), (3.375, 0.34312743, 0.36735151, 0.28952106), (2.275, 0.34306886, 0.3671481 , 0.28978304), (3.25, 0.34298109, 0.36684322, 0.2901757 ), (2.1, 0.34297371, 0.36681758, 0.29020871), (3.7750000000000004, 0.3429549 , 0.36675226, 0.29029285), (3.1, 0.34280967, 0.36624783, 0.29094251), (2.175, 0.34280729, 0.36623958, 0.29095313), (3.45, 0.34274597, 0.36602658, 0.29122745), (3.625, 0.34273219, 0.36597872, 0.29128909), (2.675, 0.34272208, 0.36594359, 0.29133433), (2.7, 0.34269058, 0.36583419, 0.29147523), (3.7750000000000004, 0.3426744 , 0.36577798, 0.29154762), (3.85, 0.34266697, 0.36575217, 0.29158086), (3.725, 0.34266441, 0.36574328, 0.29159231), (3.6, 0.34265061, 0.36569536, 0.29165403), (2.9, 0.34264831, 0.36568739, 0.2916643 ), (2.725, 0.34261781, 0.36558145, 0.29180073), (2.4, 0.34258525, 0.36546835, 0.29194641), (3.5, 0.34256041, 0.36538208, 0.29205751), (3.875, 0.3425367 , 0.36529973, 0.29216357), (2.475, 0.34246091, 0.36503649, 0.2925026 ), (2.925, 0.34245529, 0.36501694, 0.29252777), (2.425, 0.34241705, 0.36488415, 0.29269879), (2.775, 0.34239239, 0.36479847, 0.29280914), (2.5, 0.34238468, 0.36477169, 0.29284363), (3.325, 0.34235444, 0.36466667, 0.29297888), (3.75, 0.34234155, 0.36462188, 0.29303657), (2.075, 0.3422941 , 0.36445709, 0.29324881), (3.325, 0.34228491, 0.36442516, 0.29328993), (2.575, 0.34223084, 0.36423736, 0.2935318 ), (2.05, 0.34223061, 0.36423655, 0.29353284), (3.5250000000000004, 0.34218801, 0.36408859, 0.29372341), (3.4000000000000004, 0.34216273, 0.3640008 , 0.29383646), (2.3, 0.34213533, 0.36390561, 0.29395907), (3.425, 0.34213373, 0.36390007, 0.29396619), (3.95, 0.34209408, 0.36376235, 0.29414356), (3.975, 0.34206508, 0.36366163, 0.29427329), (2.675, 0.34203138, 0.36354457, 0.29442406), (3.0250000000000004, 0.34200964, 0.36346907, 0.29452128), (2.525, 0.34198274, 0.36337562, 0.29464164), (3.5, 0.34196737, 0.36332226, 0.29471036), (3.55, 0.34192118, 0.36316181, 0.29491701), (3.325, 0.34188363, 0.36303139, 0.29508498), (2.575, 0.34187805, 0.363012  , 0.29510995), (2.7, 0.34183747, 0.36287107, 0.29529145), (3.675, 0.34182729, 0.36283568, 0.29533703), (2.35, 0.34181247, 0.36278422, 0.29540331), (2.975, 0.34181078, 0.36277835, 0.29541087), (2.275, 0.34179202, 0.36271321, 0.29549477), (2.975, 0.3417811 , 0.36267528, 0.29554362), (3.4000000000000004, 0.34175977, 0.36260117, 0.29563907), (2.075, 0.34172155, 0.36246841, 0.29581004), (2.025, 0.34171721, 0.36245334, 0.29582946), (2.65, 0.34169927, 0.36239105, 0.29590968), (2.525, 0.34166935, 0.36228712, 0.29604353), (2.775, 0.34164898, 0.36221636, 0.29613466), (2.275, 0.34164715, 0.36221001, 0.29614284), (2.3, 0.34163741, 0.36217619, 0.2961864 ), (3.9000000000000004, 0.34163559, 0.36216985, 0.29619456), (3.5, 0.34160773, 0.36207309, 0.29631919), (3.125, 0.34158686, 0.36200059, 0.29641256), (3.8, 0.34157167, 0.36194784, 0.29648049), (3.45, 0.34153059, 0.36180515, 0.29666426), (3.425, 0.34149853, 0.36169379, 0.29680769), (2.1, 0.34147547, 0.36161371, 0.29691082), (3.7, 0.34147508, 0.36161236, 0.29691256), (3.425, 0.34145274, 0.36153476, 0.2970125 ), (3.2, 0.34145042, 0.36152669, 0.2970229 ), (2.175, 0.34143901, 0.36148706, 0.29707393), (2.45, 0.34142513, 0.36143886, 0.29713601), (3.6500000000000004, 0.34142186, 0.3614275 , 0.29715064), (2.75, 0.34141015, 0.36138683, 0.29720303), (3.125, 0.34138568, 0.36130185, 0.29731247), (2.6, 0.34135418, 0.36119241, 0.29745341), (2.075, 0.34132836, 0.36110274, 0.29756891), (3.75, 0.34132404, 0.36108774, 0.29758822), (3.475, 0.34131149, 0.36104414, 0.29764437), (3.475, 0.34130681, 0.36102791, 0.29766528), (2.425, 0.34129935, 0.36100197, 0.29769868), (2.7, 0.34128538, 0.36095348, 0.29776114), (2.35, 0.34126943, 0.36089808, 0.29783249), (2.1, 0.34125853, 0.3608602 , 0.29788127), (2.075, 0.34121648, 0.36071417, 0.29806935), (2.025, 0.34120299, 0.36066731, 0.2981297 ), (3.25, 0.34117958, 0.360586  , 0.29823442), (3.575, 0.34117145, 0.36055775, 0.2982708 ), (2.275, 0.34114679, 0.36047211, 0.2983811 ), (2.675, 0.34114016, 0.36044907, 0.29841077), (3.125, 0.34112711, 0.36040373, 0.29846916), (3.475, 0.34111517, 0.36036225, 0.29852258), (3.25, 0.34108909, 0.36027169, 0.29863921), (3.125, 0.34108609, 0.36026126, 0.29865265), (2.225, 0.34108344, 0.36025206, 0.2986645 ), (3.125, 0.3410553 , 0.36015432, 0.29879038), (3.5250000000000004, 0.34104201, 0.36010814, 0.29884985), (3.175, 0.34103729, 0.36009178, 0.29887093), (3.325, 0.34101469, 0.36001325, 0.29897207), (2.675, 0.34099273, 0.35993698, 0.29907029), (3.725, 0.34099204, 0.35993459, 0.29907338), (3.75, 0.3409824 , 0.3599011 , 0.29911651), (2.65, 0.34096165, 0.35982903, 0.29920932), (2.35, 0.34095106, 0.35979226, 0.29925668), (2.4, 0.34093948, 0.35975204, 0.29930848), (3.3, 0.3409254 , 0.35970311, 0.29937149), (3.075, 0.34090681, 0.35963856, 0.29945464), (3.75, 0.34089772, 0.35960698, 0.29949531), (3.3, 0.3408915 , 0.35958538, 0.29952312), (3.175, 0.34086107, 0.35947969, 0.29965924), (2.475, 0.34080569, 0.35928734, 0.29990697), (2.875, 0.34078899, 0.35922934, 0.29998167), (3.0, 0.34077513, 0.3591812 , 0.30004367), (2.8, 0.3407508 , 0.35909668, 0.30015252), (2.325, 0.34073611, 0.35904568, 0.30021821), (2.575, 0.34072261, 0.35899878, 0.30027861), (2.425, 0.34070772, 0.35894705, 0.30034524), (3.2, 0.34070404, 0.35893429, 0.30036167), (3.475, 0.34068382, 0.35886405, 0.30045212), (2.575, 0.3406552 , 0.35876462, 0.30058018), (2.65, 0.34065094, 0.35874985, 0.3005992 ), (3.125, 0.34064937, 0.35874439, 0.30060624), (3.075, 0.340639  , 0.35870838, 0.30065261), (3.7, 0.34061244, 0.3586161 , 0.30077146), (2.925, 0.34060248, 0.35858154, 0.30081598), (2.35, 0.34060078, 0.3585756 , 0.30082362), (3.125, 0.34058683, 0.35852718, 0.30088599), (3.85, 0.34058482, 0.3585202 , 0.30089498), (3.875, 0.34057957, 0.35850196, 0.30091846), (2.3, 0.3405611 , 0.35843781, 0.30100109), (2.45, 0.34053845, 0.35835914, 0.30110241), (3.7, 0.34053784, 0.35835702, 0.30110514), (3.425, 0.34050112, 0.35822946, 0.30126943), (2.45, 0.34048966, 0.35818966, 0.30132068), (2.75, 0.3404865 , 0.35817869, 0.30133481), (2.225, 0.34048064, 0.35815834, 0.30136102), (2.55, 0.34044152, 0.35802247, 0.30153601), (2.025, 0.34041947, 0.35794586, 0.30163467), (2.2, 0.34041844, 0.35794227, 0.30163929), (2.05, 0.34041504, 0.35793049, 0.30165446), (3.325, 0.34040842, 0.35790748, 0.3016841 ), (2.575, 0.34039843, 0.35787278, 0.30172879), (2.5, 0.34039799, 0.35787126, 0.30173075), (3.325, 0.34038978, 0.35784276, 0.30176745), (2.875, 0.34037518, 0.35779204, 0.30183278), (3.925, 0.34037271, 0.35778344, 0.30184386), (2.025, 0.34037183, 0.3577804 , 0.30184776), (3.975, 0.34034558, 0.35768922, 0.3019652 ), (2.475, 0.34031379, 0.3575788 , 0.30210742), (3.45, 0.34025205, 0.35736435, 0.3023836 ), (2.55, 0.34021525, 0.35723653, 0.30254822), (2.15, 0.34018311, 0.3571249 , 0.30269199), (3.875, 0.34016838, 0.35707376, 0.30275785), (2.25, 0.34016386, 0.35705804, 0.3027781 ), (3.625, 0.34012799, 0.35693345, 0.30293857), (2.65, 0.34009585, 0.35682182, 0.30308233), (3.425, 0.34009209, 0.35680876, 0.30309916), (3.975, 0.34007842, 0.35676129, 0.30316029), (2.625, 0.34007481, 0.35674876, 0.30317643), (2.55, 0.34006908, 0.35672883, 0.3032021 ), (3.85, 0.34006774, 0.3567242 , 0.30320806), (2.75, 0.3400551 , 0.3566803 , 0.30326459), (3.175, 0.34003894, 0.35662417, 0.30333688), (2.2, 0.34003696, 0.35661729, 0.30334575), (2.375, 0.34003089, 0.35659621, 0.3033729 ), (2.25, 0.34000803, 0.35651681, 0.30347516), (2.7, 0.3400079 , 0.35651635, 0.30347574), (3.7750000000000004, 0.34000345, 0.3565009 , 0.30349564), (3.45, 0.33999627, 0.35647595, 0.30352778), (3.55, 0.33999119, 0.35645829, 0.30355052), (2.05, 0.33998416, 0.35643389, 0.30358195), (3.35, 0.33998364, 0.35643208, 0.30358428), (3.175, 0.3399826 , 0.35642847, 0.30358893), (2.625, 0.33997767, 0.35641133, 0.303611  ), (3.225, 0.33997533, 0.35640322, 0.30362144), (2.05, 0.33996963, 0.35638343, 0.30364694), (3.125, 0.33992898, 0.35624224, 0.30382877), (3.1500000000000004, 0.33991342, 0.3561882 , 0.30389838), (2.75, 0.33990935, 0.35617406, 0.30391658), (2.575, 0.33990415, 0.35615598, 0.30393987), (2.825, 0.33987535, 0.35605594, 0.30406872), (3.975, 0.3398668 , 0.35602627, 0.30410692), (2.825, 0.33985628, 0.35598973, 0.30415399), (2.925, 0.33985041, 0.35596934, 0.30418025), (3.95, 0.33983596, 0.35591916, 0.30424488), (3.425, 0.33983174, 0.35590449, 0.30426376), (2.6, 0.33982914, 0.35589544, 0.30427542), (3.1, 0.33982703, 0.35588812, 0.30428485), (3.6, 0.33981923, 0.35586104, 0.30431973), (2.225, 0.33980886, 0.35582503, 0.30436611), (3.225, 0.33980837, 0.35582332, 0.30436831), (2.8, 0.33977479, 0.35570666, 0.30451855), (2.7, 0.33976918, 0.3556872 , 0.30454362), (2.4, 0.33972686, 0.3555402 , 0.30473295), (2.825, 0.33972674, 0.35553978, 0.30473348), (3.2750000000000004, 0.3397077 , 0.35547364, 0.30481867), (2.075, 0.33969911, 0.35544381, 0.30485708), (3.975, 0.33969483, 0.35542893, 0.30487624), (3.05, 0.33968877, 0.35540789, 0.30490335), (3.925, 0.33967042, 0.35534416, 0.30498542), (2.025, 0.33966264, 0.35531714, 0.30502022), (3.8, 0.33965652, 0.3552959 , 0.30504757), (3.3, 0.33965007, 0.35527348, 0.30507645), (2.575, 0.33964749, 0.35526452, 0.30508799), (2.825, 0.33964175, 0.3552446 , 0.30511365), (3.9000000000000004, 0.3396302 , 0.35520446, 0.30516535), (3.9000000000000004, 0.33962961, 0.35520243, 0.30516795), (2.325, 0.33960999, 0.35513426, 0.30525575), (2.575, 0.33960628, 0.3551214 , 0.30527232), (2.775, 0.33960513, 0.35511738, 0.30527749), (2.625, 0.3396012 , 0.35510374, 0.30529506), (3.2, 0.33959612, 0.35508611, 0.30531777), (2.975, 0.33957487, 0.35501229, 0.30541283), (3.2750000000000004, 0.3395482 , 0.35491964, 0.30553216), (3.45, 0.33954264, 0.35490034, 0.30555702), (2.2, 0.33950402, 0.35476619, 0.30572979), (2.05, 0.33949552, 0.35473669, 0.30576778), (2.8, 0.33947794, 0.35467563, 0.30584643), (3.5250000000000004, 0.33946388, 0.3546268 , 0.30590932), (2.325, 0.33945462, 0.35459462, 0.30595076), (3.575, 0.33944747, 0.35456979, 0.30598274), (3.95, 0.33944736, 0.35456941, 0.30598323), (3.9000000000000004, 0.33944056, 0.35454577, 0.30601367), (3.875, 0.3394388 , 0.35453969, 0.30602151), (2.725, 0.33942656, 0.35449715, 0.30607629), (3.7750000000000004, 0.33941599, 0.35446046, 0.30612355), (3.6, 0.33940395, 0.35441862, 0.30617743), (3.85, 0.33939984, 0.35440434, 0.30619583), (2.2, 0.33939379, 0.35438332, 0.30622289), (2.85, 0.33938161, 0.35434104, 0.30627735), (2.25, 0.33936542, 0.35428481, 0.30634977), (3.3, 0.33935709, 0.35425588, 0.30638703), (2.025, 0.33935635, 0.35425329, 0.30639037), (2.55, 0.33935081, 0.35423405, 0.30641514), (2.2, 0.33933976, 0.35419568, 0.30646456), (2.4, 0.33930928, 0.35408979, 0.30660093), (3.55, 0.33929901, 0.35405413, 0.30664686), (3.075, 0.33927412, 0.35396767, 0.30675821), (3.7, 0.33927349, 0.35396551, 0.306761  ), (3.25, 0.33927308, 0.35396407, 0.30676285), (3.4000000000000004, 0.33925901, 0.35391521, 0.30682578), (3.5, 0.33925375, 0.35389695, 0.3068493 ), (2.0, 0.33924871, 0.35387943, 0.30687186), (3.175, 0.33924193, 0.35385588, 0.30690219), (3.7, 0.33922781, 0.35380682, 0.30696537), (3.575, 0.33922352, 0.35379194, 0.30698454), (2.775, 0.3392224 , 0.35378804, 0.30698956), (2.15, 0.33921741, 0.35377071, 0.30701188), (3.7750000000000004, 0.3392165 , 0.35376753, 0.30701597), (3.175, 0.33921009, 0.3537453 , 0.30704461), (3.45, 0.33920513, 0.35372804, 0.30706684), (2.825, 0.33917418, 0.35362057, 0.30720525), (3.75, 0.33917308, 0.35361674, 0.30721018), (3.575, 0.33916957, 0.35360456, 0.30722587), (2.35, 0.33916088, 0.35357436, 0.30726476), (2.475, 0.33914992, 0.3535363 , 0.30731378), (2.875, 0.33913881, 0.35349769, 0.3073635 ), (3.5250000000000004, 0.33913485, 0.35348394, 0.30738121), (2.825, 0.33912961, 0.35346575, 0.30740464), (2.425, 0.33912349, 0.35344451, 0.307432  ), (2.4, 0.33910376, 0.35337596, 0.30752028), (2.75, 0.33908814, 0.35332172, 0.30759013), (2.55, 0.33907988, 0.35329303, 0.30762708), (3.475, 0.33907397, 0.35327249, 0.30765354), (2.375, 0.33906874, 0.35325434, 0.30767691), (2.725, 0.3390564 , 0.35321146, 0.30773215), (2.9, 0.3390419, 0.3531611, 0.307797 ), (2.9, 0.33903673, 0.35314316, 0.30782011), (2.95, 0.33902005, 0.35308522, 0.30789473), (2.225, 0.33901568, 0.35307005, 0.30791427), (2.6, 0.33901274, 0.35305983, 0.30792742), (3.925, 0.33900772, 0.3530424 , 0.30794988), (3.5, 0.33897901, 0.35294266, 0.30807833), (3.075, 0.33897311, 0.35292219, 0.3081047 ), (2.45, 0.33897115, 0.35291537, 0.30811347), (2.275, 0.33893339, 0.35278421, 0.3082824 ), (3.5250000000000004, 0.33893182, 0.35277877, 0.30828941), (2.475, 0.33891932, 0.35273536, 0.30834532), (3.7, 0.3389163 , 0.35272485, 0.30835885), (2.525, 0.33891154, 0.35270832, 0.30838014), (2.325, 0.33891081, 0.35270578, 0.30838341), (3.725, 0.33890907, 0.35269975, 0.30839118), (2.375, 0.33890442, 0.35268358, 0.308412  ), (3.75, 0.33889458, 0.35264942, 0.30845599), (2.875, 0.33889358, 0.35264595, 0.30846046), (2.25, 0.33888886, 0.35262956, 0.30848158), (3.35, 0.33887764, 0.35259057, 0.30853179), (3.7750000000000004, 0.33887755, 0.35259026, 0.3085322 ), (2.125, 0.33886772, 0.35255612, 0.30857616), (2.125, 0.33885237, 0.3525028 , 0.30864483), (2.525, 0.3388504 , 0.35249596, 0.30865363), (3.575, 0.33883488, 0.35244206, 0.30872306), (2.675, 0.33882529, 0.35240875, 0.30876596), (3.45, 0.3388221 , 0.35239767, 0.30878023), (2.8, 0.3388107 , 0.35235808, 0.30883121), (2.475, 0.33879918, 0.35231805, 0.30888277), (2.1, 0.33878674, 0.35227485, 0.30893841), (2.475, 0.33877027, 0.35221765, 0.30901208), (2.625, 0.33876307, 0.35219264, 0.30904429), (3.125, 0.33874726, 0.35213772, 0.30911501), (3.55, 0.33874614, 0.35213384, 0.30912002), (2.325, 0.33874537, 0.35213114, 0.30912349), (2.375, 0.33874451, 0.35212816, 0.30912734), (2.25, 0.3387189 , 0.35203921, 0.30924189), (2.95, 0.33871132, 0.3520129 , 0.30927578), (3.075, 0.33867762, 0.35189584, 0.30942653), (3.05, 0.33867712, 0.35189409, 0.30942879), (3.95, 0.33867485, 0.35188623, 0.30943892), (2.2, 0.338672  , 0.35187633, 0.30945166), (2.55, 0.33866139, 0.35183946, 0.30949915), (3.675, 0.33865955, 0.35183308, 0.30950736), (3.95, 0.33865298, 0.35181024, 0.30953679), (2.775, 0.33864857, 0.35179494, 0.30955649), (2.625, 0.33864409, 0.35177938, 0.30957653), (3.6500000000000004, 0.33864202, 0.35177219, 0.30958579), (3.975, 0.33863441, 0.35174576, 0.30961983), (2.225, 0.33861721, 0.351686  , 0.30969679), (3.4000000000000004, 0.33861221, 0.35166864, 0.30971916), (3.95, 0.33859971, 0.35162522, 0.30977507), (3.225, 0.3385971 , 0.35161616, 0.30978674), (2.9, 0.33859019, 0.35159216, 0.30981766), (2.975, 0.33858151, 0.35156202, 0.30985646), (3.1500000000000004, 0.33857618, 0.35154349, 0.30988034), (2.05, 0.33856594, 0.35150792, 0.30992614), (2.125, 0.33856352, 0.35149954, 0.30993693), (3.4000000000000004, 0.33856272, 0.35149675, 0.30994053), (3.975, 0.33855005, 0.35145275, 0.30999719), (3.75, 0.33854869, 0.35144803, 0.31000327), (2.95, 0.33854247, 0.3514264 , 0.31003113), (2.625, 0.33854087, 0.35142087, 0.31003826), (3.975, 0.33849874, 0.35127452, 0.31022674), (3.675, 0.33849365, 0.35125683, 0.31024952), (3.2750000000000004, 0.33847773, 0.35120156, 0.31032071), (3.825, 0.33846989, 0.35117431, 0.3103558 ), (3.3, 0.3384664, 0.3511622, 0.3103714), (3.45, 0.33845266, 0.35111446, 0.31043289), (3.25, 0.33844381, 0.35108375, 0.31047244), (2.3, 0.33844197, 0.35107735, 0.31048068), (2.825, 0.33843454, 0.35105155, 0.31051391), (3.85, 0.33842889, 0.35103192, 0.31053919), (3.825, 0.33842432, 0.35101603, 0.31055966), (3.225, 0.33842409, 0.35101523, 0.31056068), (3.1500000000000004, 0.33841026, 0.35096722, 0.31062252), (3.575, 0.33834994, 0.35075768, 0.31089238), (2.1, 0.33834979, 0.35075717, 0.31089304), (3.675, 0.33834476, 0.35073972, 0.31091552), (3.7, 0.33834255, 0.35073203, 0.31092542), (3.075, 0.33833835, 0.35071745, 0.3109442 ), (2.8, 0.3383324 , 0.35069676, 0.31097085), (3.725, 0.33831651, 0.35064158, 0.31104191), (3.0250000000000004, 0.33831614, 0.35064031, 0.31104354), (2.275, 0.33831388, 0.35063246, 0.31105366), (2.225, 0.33831104, 0.35062259, 0.31106637), (3.2750000000000004, 0.33828518, 0.35053277, 0.31118205), (2.275, 0.33828417, 0.35052927, 0.31118656), (2.3, 0.33827957, 0.35051327, 0.31120716), (2.825, 0.33827921, 0.35051202, 0.31120877), (2.2, 0.33826752, 0.35047142, 0.31126107), (2.0, 0.33826159, 0.35045081, 0.3112876 ), (3.5, 0.33825752, 0.3504367 , 0.31130578), (3.825, 0.33825667, 0.35043373, 0.31130961), (2.9, 0.3382519 , 0.35041716, 0.31133094), (2.1, 0.33824721, 0.35040088, 0.31135191), (2.15, 0.33824593, 0.35039645, 0.31135762), (2.25, 0.33822728, 0.35033166, 0.31144106), (3.8, 0.33822496, 0.3503236 , 0.31145144), (3.7, 0.33821976, 0.35030554, 0.3114747 ), (2.475, 0.33820821, 0.35026542, 0.31152637), (2.55, 0.33820709, 0.35026154, 0.31153137), (3.45, 0.33820138, 0.35024168, 0.31155694), (3.225, 0.33819456, 0.35021801, 0.31158743), (3.05, 0.33818686, 0.35019128, 0.31162186), (2.8, 0.33818458, 0.35018335, 0.31163207), (3.425, 0.33818119, 0.35017158, 0.31164722), (2.625, 0.33818092, 0.35017062, 0.31164846), (2.725, 0.33817678, 0.35015624, 0.31166698), (2.625, 0.33817244, 0.35014117, 0.31168639), (3.125, 0.33815059, 0.35006527, 0.31178415), (2.9, 0.33814616, 0.35004988, 0.31180396), (2.975, 0.33814357, 0.3500409 , 0.31181552), (2.975, 0.33812994, 0.34999357, 0.31187649), (3.875, 0.33812812, 0.34998723, 0.31188465), (2.325, 0.33812589, 0.34997949, 0.31189462), (2.75, 0.33812582, 0.34997925, 0.31189493), (3.05, 0.33812575, 0.34997902, 0.31189523), (3.325, 0.33811868, 0.34995444, 0.31192688), (3.975, 0.33811491, 0.34994136, 0.31194373), (3.925, 0.33811088, 0.34992737, 0.31196175), (3.3, 0.33810894, 0.34992062, 0.31197045), (2.725, 0.3381086 , 0.34991945, 0.31197194), (2.05, 0.33810733, 0.34991503, 0.31197764), (2.1, 0.33810659, 0.34991247, 0.31198093), (2.4, 0.33810452, 0.34990527, 0.31199022), (3.05, 0.3380959 , 0.34987534, 0.31202875), (3.625, 0.33808872, 0.34985038, 0.31206091), (2.45, 0.33808334, 0.3498317 , 0.31208496), (2.275, 0.33808095, 0.34982341, 0.31209563), (3.6, 0.3380754 , 0.34980411, 0.31212049), (3.875, 0.33806123, 0.34975491, 0.31218386), (3.45, 0.338051  , 0.34971939, 0.3122296 ), (2.3, 0.33804839, 0.34971031, 0.3122413 ), (2.225, 0.33804506, 0.34969874, 0.3122562 ), (3.35, 0.33802479, 0.34962835, 0.31234686), (3.1500000000000004, 0.33802473, 0.34962812, 0.31234715), (3.2750000000000004, 0.33801782, 0.34960412, 0.31237806), (3.05, 0.33801517, 0.34959494, 0.31238989), (3.675, 0.33801003, 0.34957706, 0.31241291), (3.425, 0.33799721, 0.34953253, 0.31247026), (2.125, 0.33798898, 0.34950394, 0.31250708), (3.25, 0.33796704, 0.34942775, 0.31260521), (3.45, 0.33796452, 0.34941899, 0.31261649), (3.6500000000000004, 0.33793682, 0.3493228 , 0.31274037), (3.95, 0.33792545, 0.34928331, 0.31279123), (3.825, 0.3379176 , 0.34925602, 0.31282638), (3.075, 0.33791593, 0.34925023, 0.31283383), (2.725, 0.33791383, 0.34924295, 0.31284322), (3.6, 0.33790995, 0.34922947, 0.31286058), (2.1, 0.33790387, 0.34920833, 0.3128878 ), (2.175, 0.33789022, 0.34916092, 0.31294886), (2.65, 0.33788041, 0.34912687, 0.31299272), (2.95, 0.33787987, 0.34912497, 0.31299516), (2.45, 0.33787707, 0.34911527, 0.31300765), (2.6, 0.33785341, 0.34903309, 0.31311349), (2.65, 0.3378473 , 0.34901185, 0.31314085), (2.1, 0.33784478, 0.34900312, 0.3131521 ), (2.05, 0.33780518, 0.34886556, 0.31332926), (3.625, 0.33780424, 0.34886229, 0.31333347), (3.2, 0.33780277, 0.34885719, 0.31334003), (2.875, 0.33778902, 0.34880942, 0.31340156), (2.55, 0.33778832, 0.34880699, 0.31340469), (3.875, 0.33778593, 0.34879869, 0.31341538), (3.425, 0.33778354, 0.3487904 , 0.31342606), (2.775, 0.33778313, 0.34878898, 0.31342788), (3.8, 0.33778063, 0.3487803 , 0.31343907), (3.25, 0.33776459, 0.34872458, 0.31351083), (3.825, 0.3377628 , 0.34871837, 0.31351883), (2.2, 0.33775963, 0.34870736, 0.31353301), (3.2750000000000004, 0.3377567 , 0.34869717, 0.31354613), (2.425, 0.33775457, 0.34868978, 0.31355565), (2.2, 0.33775417, 0.34868838, 0.31355745), (3.7750000000000004, 0.33774763, 0.34866568, 0.31358669), (3.5250000000000004, 0.33774346, 0.34865117, 0.31360538), (2.125, 0.33773552, 0.34862362, 0.31364085), (2.625, 0.33773507, 0.34862204, 0.31364289), (2.95, 0.33772802, 0.34859756, 0.31367442), (3.05, 0.33772694, 0.34859381, 0.31367925), (2.875, 0.3377266 , 0.34859263, 0.31368077), (2.925, 0.33771958, 0.34856824, 0.31371218), (3.475, 0.33771952, 0.34856804, 0.31371243), (3.95, 0.33771579, 0.34855509, 0.31372911), (2.9, 0.33771264, 0.34854412, 0.31374324), (2.65, 0.33769216, 0.348473  , 0.31383483), (2.75, 0.33769054, 0.34846738, 0.31384208), (2.25, 0.33767775, 0.34842294, 0.31389931), (3.075, 0.33766906, 0.34839276, 0.31393819), (3.0, 0.33766613, 0.34838259, 0.31395128), (2.25, 0.33766392, 0.34837493, 0.31396114), (2.7, 0.33766227, 0.34836919, 0.31396854), (2.45, 0.33765309, 0.34833731, 0.31400959), (2.55, 0.33764899, 0.34832304, 0.31402797), (2.3, 0.33764423, 0.34830652, 0.31404925), (2.175, 0.33764363, 0.34830443, 0.31405194), (2.2, 0.33762558, 0.34824174, 0.31413268), (3.1500000000000004, 0.33762541, 0.34824117, 0.31413341), (3.75, 0.33761338, 0.34819936, 0.31418727), (2.3, 0.33761246, 0.34819618, 0.31419136), (3.075, 0.3375936 , 0.34813068, 0.31427572), (3.6500000000000004, 0.33758785, 0.3481107 , 0.31430145), (2.55, 0.33758259, 0.34809243, 0.31432498), (2.35, 0.33758026, 0.34808432, 0.31433542), (3.7750000000000004, 0.33757973, 0.34808248, 0.31433779), (3.1500000000000004, 0.33757803, 0.3480766 , 0.31434537), (3.725, 0.33757237, 0.34805694, 0.31437068), (3.75, 0.33756599, 0.34803478, 0.31439922), (3.5250000000000004, 0.33755638, 0.34800139, 0.31444223), (3.95, 0.33753801, 0.34793759, 0.31452439), (3.225, 0.33753791, 0.34793723, 0.31452486), (3.325, 0.33752563, 0.34789459, 0.31457978), (3.8, 0.33751759, 0.34786666, 0.31461575), (2.325, 0.33750661, 0.34782851, 0.31466488), (2.1, 0.33750017, 0.34780615, 0.31469368), (3.5, 0.33748183, 0.34774245, 0.31477572), (2.35, 0.3374736 , 0.34771388, 0.31481252), (3.85, 0.33747083, 0.34770426, 0.31482491), (3.35, 0.33746907, 0.34769814, 0.31483278), (2.0, 0.33746741, 0.34769239, 0.3148402 ), (3.575, 0.33746485, 0.34768349, 0.31485165), (2.375, 0.33746435, 0.34768175, 0.3148539 ), (2.025, 0.33746325, 0.34767792, 0.31485883), (3.925, 0.33746044, 0.34766818, 0.31487138), (3.125, 0.33745624, 0.34765359, 0.31489017), (2.325, 0.33744464, 0.34761327, 0.31494209), (3.425, 0.33743794, 0.34759002, 0.31497204), (2.525, 0.3374257, 0.3475475, 0.3150268), (3.7, 0.33742123, 0.34753196, 0.31504681), (2.65, 0.33740547, 0.34747725, 0.31511728), (3.05, 0.33739483, 0.34744027, 0.3151649 ), (3.35, 0.33738699, 0.34741305, 0.31519996), (2.675, 0.33737798, 0.34738175, 0.31524027), (3.575, 0.33737712, 0.34737875, 0.31524414), (2.225, 0.33736791, 0.34734677, 0.31528532), (3.4000000000000004, 0.33734825, 0.34727849, 0.31537326), (2.925, 0.33733767, 0.34724173, 0.31542061), (3.8, 0.33733522, 0.34723322, 0.31543156), (2.0, 0.33732105, 0.34718403, 0.31549492), (2.7, 0.33731718, 0.34717057, 0.31551225), (3.2750000000000004, 0.33731639, 0.34716781, 0.3155158 ), (3.975, 0.3373062 , 0.34713244, 0.31556136), (2.2, 0.337303  , 0.34712133, 0.31557566), (3.125, 0.33730125, 0.34711522, 0.31558353), (3.425, 0.33730092, 0.3471141 , 0.31558498), (3.7, 0.33729824, 0.34710479, 0.31559697), (3.6500000000000004, 0.33728182, 0.34704774, 0.31567045), (2.9, 0.33727527, 0.34702502, 0.31569971), (3.1500000000000004, 0.33727509, 0.34702438, 0.31570053), (3.7750000000000004, 0.33727217, 0.34701424, 0.31571359), (3.925, 0.33727003, 0.3470068 , 0.31572317), (2.0,