
// // pingpong.c - Sends byte from parent to child

// #include "types.h"
// #include "stat.h"
// #include "user.h"

// int main(int argc)
// {
//     unsigned long long start_cycles, end_cycles, total;
//     int pid;
    
//     start_cycles = read_tsc();

//     pid = fork();
//     if (pid < 0) {
//         printf(2, "fork failed\n");
//         exit();
//     }
//     if (pid == 0) {
//         exec(argv[1], &argv[1;
//         printf(2, "time: exec %s failed\n", argv[1;
//         exit();
//     } else {
//         wait();
//         end_cycles = read_tsc();
//         total = end_cycles - start_cycles;    
//         printf(1, "%s took %d cycles to run.\n", argv[1], (unsigned int)total);
//     }
//     exit();
// }



[(3.55, 0.8252919 , 0.08540704, 0.08930105), (2.7, 0.64432057, 0.2873904 , 0.06828904), (3.725, 0.2101412 , 0.30735547, 0.48250334), (2.0, 0.41905119, 0.22415437, 0.35679443), (2.5, 0.42789274, 0.24627989, 0.32582737), (2.325, 0.33973744, 0.41426754, 0.24599502), (2.525, 0.29962317, 0.48343148, 0.21694536), (2.05, 0.34765875, 0.46544893, 0.18689232), (2.3, 0.53346492, 0.33287524, 0.13365983), (3.4000000000000004, 0.51111343, 0.28109465, 0.20779192), (2.625, 0.50128432, 0.27568898, 0.22302669), (2.075, 0.39776376, 0.21875626, 0.38347998), (2.025, 0.35130438, 0.19320522, 0.4554904 ), (2.75, 0.32940335, 0.18116041, 0.48943624), (3.425, 0.32829704, 0.18055198, 0.49115098), (2.1, 0.28665819, 0.15765206, 0.55568975), (2.225, 0.28251573, 0.15537385, 0.56211042), (2.175, 0.26049419, 0.14326276, 0.59624305), (3.4000000000000004, 0.24560413, 0.13507375, 0.61932212), (3.8, 0.23040764, 0.15175796, 0.61783439), (2.55, 0.22785651, 0.16114992, 0.61099357), (3.5250000000000004, 0.22419826, 0.1746177 , 0.60118404), (3.05, 0.21904861, 0.19357606, 0.58737533), (3.875, 0.21807126, 0.19717416, 0.58475458), (2.025, 0.21746484, 0.19940671, 0.58312846), (3.2750000000000004, 0.20920373, 0.22981983, 0.56097644), (3.7, 0.20600726, 0.2415876 , 0.55240515), (2.5, 0.17968832, 0.33848036, 0.48183133), (3.6500000000000004, 0.17255153, 0.36475431, 0.46269416), (3.35, 0.16875346, 0.37873684, 0.4525097 ), (3.075, 0.16353065, 0.39796456, 0.4385048 ), (3.1500000000000004, 0.15747152, 0.42027115, 0.42225734), (2.225, 0.1557776 , 0.42650728, 0.41771513), (3.7, 0.1554679 , 0.42764742, 0.41688468), (3.875, 0.15219999, 0.43967819, 0.40812182), (2.0, 0.14992399, 0.44805723, 0.40201878), (3.175, 0.1452998 , 0.46508111, 0.38961909), (3.1, 0.13984327, 0.48516926, 0.37498747), (2.425, 0.1340884 , 0.50635571, 0.35955589), (3.0250000000000004, 0.13085735, 0.51825076, 0.35089189), (2.025, 0.12748672, 0.53065969, 0.34185359), (2.2, 0.12600766, 0.53610482, 0.33788752), (3.0250000000000004, 0.12350024, 0.54533584, 0.33116392), (2.725, 0.11946281, 0.56019959, 0.3203376 ), (3.1, 0.11913521, 0.56140562, 0.31945916), (3.35, 0.11533976, 0.57537854, 0.3092817 ), (2.25, 0.11496671, 0.57675191, 0.30828138), (2.275, 0.11389507, 0.58069713, 0.3054078 ), (2.6, 0.11235683, 0.58636013, 0.30128304), (3.975, 0.10980112, 0.59576896, 0.29442993), (3.55, 0.10964716, 0.59633574, 0.2940171 ), (2.9, 0.1070358 , 0.60594943, 0.28701477), (3.8, 0.10630826, 0.60862786, 0.28506388), (2.3, 0.10485432, 0.61398049, 0.28116518), (3.75, 0.10111243, 0.62775621, 0.27113136), (3.725, 0.10033405, 0.63062183, 0.26904413), (3.6500000000000004, 0.09311783, 0.6571882 , 0.24969397), (2.4, 0.14233924, 0.62631368, 0.23134708), (3.2, 0.15243817, 0.61893885, 0.22862298), (3.75, 0.16589731, 0.60911021, 0.22499248), (3.5, 0.20366348, 0.58153116, 0.21480536), (2.275, 0.21476393, 0.57342497, 0.2118111 ), (3.725, 0.25150808, 0.54659225, 0.20189967), (3.25, 0.29057884, 0.51806052, 0.19136064), (3.975, 0.29699429, 0.51337558, 0.18963013), (2.9, 0.30454132, 0.5078643 , 0.18759438), (3.675, 0.30541127, 0.50722902, 0.18735972), (3.2, 0.31592423, 0.49955184, 0.18452393), (3.975, 0.33579656, 0.48503991, 0.17916353), (3.625, 0.34837912, 0.4758514 , 0.17576948), (3.2, 0.36962074, 0.46033954, 0.17003973), (3.425, 0.37679677, 0.45509918, 0.16810405), (2.95, 0.38439681, 0.44954919, 0.166054  ), (3.2, 0.39333252, 0.44302381, 0.16364367), (3.75, 0.39905403, 0.43884564, 0.16210033), (3.35, 0.39942544, 0.43857441, 0.16200015), (3.3, 0.41276348, 0.4288342 , 0.15840232), (3.425, 0.41934291, 0.42402952, 0.15662757), (3.925, 0.42330585, 0.42113555, 0.1555586 ), (3.9000000000000004, 0.42381877, 0.42076098, 0.15542024), (2.25, 0.42628509, 0.41895994, 0.15475498), (3.925, 0.42636975, 0.41889811, 0.15473214), (3.575, 0.42670818, 0.41865097, 0.15464085), (2.725, 0.43256664, 0.41437279, 0.15306058), (3.7750000000000004, 0.44097245, 0.40823437, 0.15079318), (3.6500000000000004, 0.4420958 , 0.40741403, 0.15049016), (3.9000000000000004, 0.44329439, 0.40653875, 0.15016685), (2.4, 0.46030012, 0.39412019, 0.1455797 ), (3.1500000000000004, 0.46446424, 0.3910793 , 0.14445646), (2.775, 0.48421994, 0.37665255, 0.13912752), (2.975, 0.49329702, 0.37002393, 0.13667905), (2.175, 0.49677388, 0.36748493, 0.13574119), (2.7, 0.52725389, 0.34522666, 0.12751946), (3.3, 0.5319785 , 0.34177647, 0.12624503), (3.7, 0.53310288, 0.34095538, 0.12594174), (2.35, 0.5386623 , 0.32943983, 0.13189787), (3.575, 0.53450586, 0.3268978 , 0.13859634), (2.5, 0.52854053, 0.32324947, 0.14821001), (2.325, 0.52757922, 0.32266154, 0.14975924), (3.2750000000000004, 0.51487845, 0.3148939 , 0.17022765), (2.125, 0.51023685, 0.31205514, 0.17770801), (2.225, 0.50507284, 0.3088969 , 0.18603026), (2.5, 0.5038665 , 0.30815911, 0.18797439), (2.55, 0.50342926, 0.3078917 , 0.18867904), (3.975, 0.50255705, 0.30735827, 0.19008468), (3.375, 0.49813399, 0.30465317, 0.19721284), (3.55, 0.49091542, 0.30023837, 0.20884621), (3.0, 0.48946576, 0.29935178, 0.21118246), (2.3, 0.48674508, 0.29768784, 0.21556708), (3.675, 0.48244432, 0.29505754, 0.22249814), (3.2, 0.47935492, 0.2931681 , 0.22747697), (3.0, 0.47247423, 0.28895995, 0.23856582), (2.5, 0.47175385, 0.28851937, 0.23972678), (3.425, 0.46024537, 0.28148092, 0.25827371), (2.375, 0.45554715, 0.27860754, 0.26584531), (2.275, 0.44867695, 0.2744058 , 0.27691725), (2.725, 0.44298123, 0.27092236, 0.28609641), (3.1, 0.44247444, 0.27061241, 0.28691315), (3.375, 0.44133838, 0.26991761, 0.28874401), (3.2750000000000004, 0.43871012, 0.2683102 , 0.29297968), (3.625, 0.43611298, 0.26672182, 0.2971652 ), (3.2750000000000004, 0.42929557, 0.26255236, 0.30815207), (2.65, 0.42280353, 0.25858191, 0.31861456), (2.425, 0.42126844, 0.25764306, 0.32108851), (2.875, 0.41917579, 0.25636322, 0.32446099), (2.9, 0.41864643, 0.25603947, 0.3253141 ), (3.0250000000000004, 0.41853317, 0.2559702 , 0.32549662), (2.0, 0.41838226, 0.2558779 , 0.32573984), (2.825, 0.4128738 , 0.25250899, 0.33461721), (3.55, 0.40865672, 0.24992987, 0.34141341), (2.825, 0.40768749, 0.2493371 , 0.34297541), (2.775, 0.40555001, 0.24802985, 0.34642014), (3.6, 0.40339977, 0.24671478, 0.34988545), (2.55, 0.40252586, 0.24577484, 0.35169931), (3.975, 0.40253013, 0.24545603, 0.35201383), (2.625, 0.40355475, 0.24421006, 0.35223519), (3.675, 0.41145304, 0.24085308, 0.34769387), (3.9000000000000004, 0.41453314, 0.2395926 , 0.34587425), (2.125, 0.42663256, 0.23464112, 0.33872632), (2.45, 0.42974382, 0.23336788, 0.33688829), (3.975, 0.42983758, 0.23332952, 0.33683291), (3.75, 0.43508504, 0.23118208, 0.33373288), (2.075, 0.44001083, 0.22916628, 0.33082289), (2.95, 0.44257608, 0.2281165 , 0.32930743), (3.95, 0.4446292 , 0.22727629, 0.32809451), (2.5, 0.45368416, 0.2235707 , 0.32274514), (3.875, 0.45398521, 0.2234475 , 0.32256729), (2.8, 0.45719002, 0.22213598, 0.32067399), (2.9, 0.45748722, 0.22201436, 0.32049842), (3.2750000000000004, 0.46269844, 0.21988176, 0.31741981), (2.6, 0.46907334, 0.21727293, 0.31365373), (2.475, 0.47129919, 0.21636204, 0.31233877), (2.125, 0.47274604, 0.21576994, 0.31148402), (3.3, 0.47366627, 0.21539335, 0.31094038), (2.925, 0.47652635, 0.21422291, 0.30925074), (2.475, 0.47821967, 0.21352995, 0.30825038), (3.35, 0.48087524, 0.2124432 , 0.30668156), (2.375, 0.48300344, 0.21157227, 0.30542429), (2.15, 0.50748946, 0.20155177, 0.29095877), (3.425, 0.51002925, 0.2005124 , 0.28945834), (2.85, 0.51051335, 0.2003143 , 0.28917236), (2.05, 0.51127213, 0.20000378, 0.28872409), (2.85, 0.51216586, 0.19963803, 0.28819611), (3.625, 0.52234516, 0.19547232, 0.28218251), (2.3, 0.5289306 , 0.19277734, 0.27829206), (2.375, 0.53676445, 0.18957147, 0.27366408), (3.85, 0.53995981, 0.18826382, 0.27177637), (3.425, 0.54056926, 0.18801441, 0.27141633), (2.575, 0.54265951, 0.18715901, 0.27018148), (3.7, 0.54274996, 0.187122  , 0.27012804), (3.5, 0.5431114 , 0.18697408, 0.26991452), (2.8, 0.54864151, 0.18471098, 0.26664751), (2.35, 0.54870025, 0.18468694, 0.26661281), (2.975, 0.55363757, 0.18266643, 0.26369601), (2.05, 0.55869276, 0.18059767, 0.26070957), (2.85, 0.56117766, 0.17958077, 0.25924157), (3.675, 0.56541191, 0.17784797, 0.25674012), (3.125, 0.56685032, 0.17725933, 0.25589036), (2.5, 0.56943163, 0.17620297, 0.2543654 ), (2.3, 0.57004551, 0.17595175, 0.25400275), (2.375, 0.57293111, 0.17477086, 0.25229803), (2.025, 0.57418958, 0.17425585, 0.25155456), (3.625, 0.5796348 , 0.17202749, 0.24833771), (2.85, 0.5859089 , 0.16945992, 0.24463118), (3.85, 0.59023892, 0.16768793, 0.24207315), (2.4, 0.59163816, 0.16711531, 0.24124653), (2.0, 0.59274113, 0.16666394, 0.24059493), (3.7, 0.59312337, 0.16650751, 0.24036911), (3.425, 0.59433701, 0.16601085, 0.23965214), (3.925, 0.59466889, 0.16587503, 0.23945607), (2.6, 0.59671924, 0.16503597, 0.2382448 ), (2.925, 0.59760829, 0.16467213, 0.23771957), (2.575, 0.59932362, 0.16398666, 0.23668971), (3.425, 0.6044791 , 0.16218724, 0.23333365), (2.375, 0.60571956, 0.16183363, 0.23244681), (3.575, 0.60619987, 0.1617088 , 0.23209132), (2.975, 0.60905793, 0.16109003, 0.22985204), (3.05, 0.61031724, 0.160947  , 0.22873575), (3.3, 0.61101457, 0.16092441, 0.22806102), (2.5, 0.61277243, 0.16106727, 0.2261603 ), (2.225, 0.61281366, 0.16107596, 0.22611038), (2.7, 0.61468694, 0.16322242, 0.22209064), (3.5, 0.61451929, 0.16400229, 0.22147842), (2.25, 0.61431637, 0.16456376, 0.22111987), (3.675, 0.61094256, 0.16963085, 0.2194266 ), (3.5, 0.61061557, 0.17007527, 0.21930916), (3.975, 0.60559166, 0.17690357, 0.21750477), (3.475, 0.60555952, 0.17694726, 0.21749322), (2.5, 0.59725376, 0.18823612, 0.21451012), (2.55, 0.59473186, 0.19166379, 0.21360435), (2.975, 0.59091217, 0.19685536, 0.21223247), (2.55, 0.58015466, 0.21147655, 0.20836879), (3.75, 0.57991874, 0.2117972 , 0.20828406), (3.175, 0.57719019, 0.21550574, 0.20730407)]